   2  240
1 1
     3.845969862926369    -0.000000000000000    -0.000000000000008
     0.000000000000000     3.845969862926369     0.000000000000008
    -0.000000000000000    -0.000000000000000    48.215874469018857
1 2
     0.000106981118978    -0.000000000000000    -0.000000000000000
     0.000000000000000     0.000106981118978    -0.000000000000000
     0.000000000000000     0.000000000000000    -0.001917266937173
1 3
    -0.000294298397070    -0.000000000000000    -0.000000000000000
     0.000000000000000    -0.000294298397070     0.000000000000000
    -0.000000000000000     0.000000000000000    -0.000439396060341
1 4
    -0.000294298397070    -0.000000000000000    -0.000000000000000
     0.000000000000000    -0.000294298397070    -0.000000000000000
    -0.000000000000000     0.000000000000000    -0.000464444719271
1 5
     0.000106981118978    -0.000000000000000    -0.000000000000000
     0.000000000000000     0.000106981118978    -0.000000000000000
    -0.000000000000000     0.000000000000000    -0.001917266937173
1 6
    -1.956130659616730    -0.000000000000000    -0.000000000000003
     0.000000000000000    -1.956130659616730    -0.000000000000001
     0.000000000000000     0.000000000000000   -13.596175149126015
1 7
    -0.000294298397070     0.000000000000000     0.000000000000000
    -0.000000000000000    -0.000294298397070    -0.000000000000000
     0.000000000000000     0.000000000000000     0.001965275196877
1 8
    -0.000695577913118     0.000000000000000     0.000000000000000
    -0.000000000000000    -0.000695577913118    -0.000000000000000
     0.000000000000000     0.000000000000000     0.000712842250409
1 9
    -0.000294298397070     0.000000000000000     0.000000000000000
    -0.000000000000000    -0.000294298397070     0.000000000000000
     0.000000000000000     0.000000000000000     0.000712842250409
1 10
    -0.000294298397070    -0.000000000000000    -0.000000000000000
     0.000000000000000    -0.000294298397070     0.000000000000000
     0.000000000000000     0.000000000000000     0.002391102398677
1 11
    -0.191704627552133     0.000000000000000    -0.000000000000001
    -0.000000000000000    -0.191704627552133    -0.000000000000002
    -0.000000000000000     0.000000000000000    -8.199692069384632
1 12
     0.000508260635027    -0.000000000000000    -0.000000000000000
     0.000000000000000     0.000508260635027    -0.000000000000000
    -0.000000000000000    -0.000000000000000    -0.001591634371092
1 13
     0.000508260635027    -0.000000000000000     0.000000000000000
     0.000000000000000     0.000508260635027     0.000000000000000
    -0.000000000000000    -0.000000000000000    -0.000464444719271
1 14
    -0.000294298397070    -0.000000000000000     0.000000000000000
     0.000000000000000    -0.000294298397070     0.000000000000000
    -0.000000000000000     0.000000000000000    -0.000464444719271
1 15
     0.000106981118978    -0.000000000000000    -0.000000000000000
     0.000000000000000     0.000106981118978     0.000000000000000
    -0.000000000000000    -0.000000000000000    -0.002393191456831
1 16
     0.213988963172749    -0.000000000000000     0.000000000000002
     0.000000000000000     0.213988963172749     0.000000000000000
     0.000000000000000    -0.000000000000000     4.454965567704973
1 17
     0.000106981118978     0.000000000000000     0.000000000000000
    -0.000000000000000     0.000106981118978     0.000000000000000
     0.000000000000000     0.000000000000000     0.001664691289725
1 18
     0.000106981118978    -0.000000000000000    -0.000000000000000
     0.000000000000000     0.000106981118978    -0.000000000000000
     0.000000000000000     0.000000000000000     0.000712842250409
1 19
    -0.000294298397070     0.000000000000000     0.000000000000000
    -0.000000000000000    -0.000294298397070     0.000000000000000
     0.000000000000000     0.000000000000000     0.000687793591480
1 20
    -0.000695577913118     0.000000000000000    -0.000000000000000
    -0.000000000000000    -0.000695577913118     0.000000000000000
     0.000000000000000     0.000000000000000     0.002892075577264
1 21
     0.024585031597928     0.000000000000000     0.000000000000001
    -0.000000000000000     0.024585031597928    -0.000000000000001
     0.000000000000000    -0.000000000000000    -2.906309269796499
1 22
     0.000106981118978    -0.000000000000000    -0.000000000000000
     0.000000000000000     0.000106981118978    -0.000000000000000
    -0.000000000000000    -0.000000000000000    -0.001316099122869
1 23
     0.000508260635027     0.000000000000000    -0.000000000000000
    -0.000000000000000     0.000508260635027     0.000000000000000
    -0.000000000000000    -0.000000000000000    -0.000439396060341
1 24
     0.000508260635027     0.000000000000000    -0.000000000000000
    -0.000000000000000     0.000508260635027     0.000000000000000
    -0.000000000000000    -0.000000000000000    -0.000439396060341
1 25
     0.000106981118978    -0.000000000000000     0.000000000000000
     0.000000000000000     0.000106981118978     0.000000000000000
    -0.000000000000000    -0.000000000000000    -0.002944261953277
1 26
    -0.017148038071101     0.000000000000000     0.000000000000000
    -0.000000000000000    -0.017148038071101    -0.000000000000000
    -0.000000000000000     0.000000000000000     1.939378848747178
1 27
    -0.000294298397070    -0.000000000000000     0.000000000000000
     0.000000000000000    -0.000294298397070     0.000000000000000
     0.000000000000000    -0.000000000000000     0.001489350677220
1 28
     0.000106981118978    -0.000000000000000     0.000000000000000
     0.000000000000000     0.000106981118978    -0.000000000000000
     0.000000000000000    -0.000000000000000     0.000662744932551
1 29
     0.000106981118978    -0.000000000000000     0.000000000000000
     0.000000000000000     0.000106981118978     0.000000000000000
     0.000000000000000    -0.000000000000000     0.000687793591480
1 30
     0.000106981118978    -0.000000000000000    -0.000000000000000
     0.000000000000000     0.000106981118978     0.000000000000000
     0.000000000000000    -0.000000000000000     0.003543340709427
1 31
    -0.003504534525457     0.000000000000000     0.000000000000000
    -0.000000000000000    -0.003504534525457    -0.000000000000000
     0.000000000000000     0.000000000000000    -1.424029828992674
1 32
     0.000508260635027    -0.000000000000000     0.000000000000000
     0.000000000000000     0.000508260635027     0.000000000000000
    -0.000000000000000    -0.000000000000000    -0.001140758510363
1 33
     0.000508260635027    -0.000000000000000     0.000000000000000
     0.000000000000000     0.000508260635027    -0.000000000000000
    -0.000000000000000    -0.000000000000000    -0.000464444719271
1 34
     0.000508260635027    -0.000000000000000    -0.000000000000000
     0.000000000000000     0.000508260635027    -0.000000000000000
    -0.000000000000000    -0.000000000000000    -0.000489493378200
1 35
     0.000909540151075    -0.000000000000000     0.000000000000000
     0.000000000000000     0.000909540151075     0.000000000000000
    -0.000000000000000    -0.000000000000000    -0.003695721721158
1 36
    -0.001096857429167     0.000000000000000     0.000000000000000
    -0.000000000000000    -0.001096857429167    -0.000000000000000
     0.000000000000000     0.000000000000000     1.045492406194027
1 37
    -0.000695577913118     0.000000000000000     0.000000000000000
    -0.000000000000000    -0.000695577913118    -0.000000000000000
     0.000000000000000     0.000000000000000     0.001263912746855
1 38
    -0.000294298397070     0.000000000000000     0.000000000000000
    -0.000000000000000    -0.000294298397070     0.000000000000000
     0.000000000000000     0.000000000000000     0.000687793591480
1 39
    -0.000294298397070     0.000000000000000     0.000000000000000
    -0.000000000000000    -0.000294298397070     0.000000000000000
     0.000000000000000     0.000000000000000     0.000712842250409
1 40
    -0.000695577913118     0.000000000000000     0.000000000000000
    -0.000000000000000    -0.000695577913118     0.000000000000000
     0.000000000000000     0.000000000000000     0.004394995113025
1 41
    -0.001096857429167    -0.000000000000000     0.000000000000000
     0.000000000000000    -0.001096857429167     0.000000000000000
    -0.000000000000000     0.000000000000000    -0.812717307821637
1 42
     0.000106981118978    -0.000000000000000    -0.000000000000000
     0.000000000000000     0.000106981118978    -0.000000000000000
    -0.000000000000000     0.000000000000000    -0.000990466556787
1 43
     0.000106981118978    -0.000000000000000     0.000000000000000
     0.000000000000000     0.000106981118978     0.000000000000000
    -0.000000000000000     0.000000000000000    -0.000489493378200
1 44
    -0.000294298397070    -0.000000000000000     0.000000000000000
     0.000000000000000    -0.000294298397070     0.000000000000000
    -0.000000000000000     0.000000000000000    -0.000489493378200
1 45
     0.000106981118978    -0.000000000000000     0.000000000000000
     0.000000000000000     0.000106981118978     0.000000000000000
    -0.000000000000000     0.000000000000000    -0.004722716737262
1 46
    -0.001899416461263    -0.000000000000000    -0.000000000000000
     0.000000000000000    -0.001899416461263     0.000000000000000
     0.000000000000000     0.000000000000000     0.625551639243302
1 47
    -0.000294298397070     0.000000000000000     0.000000000000000
    -0.000000000000000    -0.000294298397070    -0.000000000000000
     0.000000000000000     0.000000000000000     0.001163718111138
1 48
    -0.000294298397070    -0.000000000000000    -0.000000000000000
     0.000000000000000    -0.000294298397070    -0.000000000000000
     0.000000000000000     0.000000000000000     0.000712842250409
1 49
    -0.000294298397070     0.000000000000000    -0.000000000000000
    -0.000000000000000    -0.000294298397070     0.000000000000000
     0.000000000000000     0.000000000000000     0.000712842250409
1 50
    -0.000695577913118    -0.000000000000000    -0.000000000000000
     0.000000000000000    -0.000695577913118    -0.000000000000000
     0.000000000000000     0.000000000000000     0.005472087446988
1 51
     0.000106981118978     0.000000000000000    -0.000000000000000
    -0.000000000000000     0.000106981118978     0.000000000000000
    -0.000000000000000    -0.000000000000000    -0.502189083074357
1 52
     0.000508260635027    -0.000000000000000     0.000000000000000
     0.000000000000000     0.000508260635027    -0.000000000000000
    -0.000000000000000    -0.000000000000000    -0.000865223262140
1 53
     0.000508260635027     0.000000000000000    -0.000000000000000
    -0.000000000000000     0.000508260635027     0.000000000000000
    -0.000000000000000    -0.000000000000000    -0.000414347401412
1 54
     0.000508260635027     0.000000000000000    -0.000000000000000
    -0.000000000000000     0.000508260635027     0.000000000000000
    -0.000000000000000    -0.000000000000000    -0.000439396060341
1 55
     0.000508260635027     0.000000000000000    -0.000000000000000
    -0.000000000000000     0.000508260635027    -0.000000000000000
    -0.000000000000000    -0.000000000000000    -0.005925052365871
1 56
     0.000508260635027    -0.000000000000000     0.000000000000000
     0.000000000000000     0.000508260635027    -0.000000000000000
     0.000000000000000    -0.000000000000000     0.398134864823640
1 57
    -0.000695577913118    -0.000000000000000    -0.000000000000000
     0.000000000000000    -0.000695577913118    -0.000000000000000
     0.000000000000000    -0.000000000000000     0.001063523475420
1 58
     0.000106981118978    -0.000000000000000     0.000000000000000
     0.000000000000000     0.000106981118978     0.000000000000000
     0.000000000000000    -0.000000000000000     0.000687793591480
1 59
     0.000106981118978     0.000000000000000     0.000000000000000
    -0.000000000000000     0.000106981118978    -0.000000000000000
    -0.000000000000000    -0.000000000000000     0.000712842250409
1 60
     0.000106981118978     0.000000000000000     0.000000000000000
    -0.000000000000000     0.000106981118978     0.000000000000000
     0.000000000000000    -0.000000000000000     0.007000055641679
1 61
    -0.000695577913118    -0.000000000000000    -0.000000000000000
     0.000000000000000    -0.000695577913118    -0.000000000000000
    -0.000000000000000     0.000000000000000    -0.326547886661683
1 62
     0.000909540151075    -0.000000000000000    -0.000000000000000
     0.000000000000000     0.000909540151075     0.000000000000000
    -0.000000000000000    -0.000000000000000    -0.000790077285352
1 63
     0.000508260635027     0.000000000000000    -0.000000000000000
    -0.000000000000000     0.000508260635027    -0.000000000000000
    -0.000000000000000    -0.000000000000000    -0.000489493378200
1 64
     0.000508260635027    -0.000000000000000    -0.000000000000000
     0.000000000000000     0.000508260635027    -0.000000000000000
    -0.000000000000000    -0.000000000000000    -0.000489493378200
1 65
     0.000508260635027    -0.000000000000000    -0.000000000000000
     0.000000000000000     0.000508260635027     0.000000000000000
    -0.000000000000000    -0.000000000000000    -0.007628361173068
1 66
    -0.000294298397070     0.000000000000000     0.000000000000000
    -0.000000000000000    -0.000294298397070     0.000000000000000
     0.000000000000000     0.000000000000000     0.264124539551562
1 67
    -0.000294298397070     0.000000000000000    -0.000000000000000
    -0.000000000000000    -0.000294298397070    -0.000000000000000
     0.000000000000000     0.000000000000000     0.000963328839703
1 68
    -0.000294298397070     0.000000000000000     0.000000000000000
    -0.000000000000000    -0.000294298397070     0.000000000000000
     0.000000000000000     0.000000000000000     0.000687793591480
1 69
    -0.000294298397070     0.000000000000000     0.000000000000000
    -0.000000000000000    -0.000294298397070    -0.000000000000000
     0.000000000000000     0.000000000000000     0.000712842250409
1 70
    -0.000695577913118     0.000000000000000     0.000000000000000
    -0.000000000000000    -0.000695577913118     0.000000000000000
     0.000000000000000     0.000000000000000     0.009003948356028
1 71
    -0.000695577913118    -0.000000000000000     0.000000000000000
     0.000000000000000    -0.000695577913118    -0.000000000000000
    -0.000000000000000     0.000000000000000    -0.219965842917255
1 72
    -0.000294298397070    -0.000000000000000    -0.000000000000000
     0.000000000000000    -0.000294298397070     0.000000000000000
    -0.000000000000000     0.000000000000000    -0.000739979967493
1 73
    -0.000294298397070    -0.000000000000000     0.000000000000000
     0.000000000000000    -0.000294298397070     0.000000000000000
    -0.000000000000000     0.000000000000000    -0.000489493378200
1 74
     0.000106981118978    -0.000000000000000     0.000000000000000
     0.000000000000000     0.000106981118978    -0.000000000000000
    -0.000000000000000     0.000000000000000    -0.000514542037129
1 75
     0.000106981118978    -0.000000000000000    -0.000000000000000
     0.000000000000000     0.000106981118978    -0.000000000000000
    -0.000000000000000     0.000000000000000    -0.009857691817781
1 76
    -0.000695577913118     0.000000000000000     0.000000000000000
    -0.000000000000000    -0.000695577913118    -0.000000000000000
     0.000000000000000     0.000000000000000     0.180612310681075
1 77
    -0.000294298397070     0.000000000000000     0.000000000000000
    -0.000000000000000    -0.000294298397070    -0.000000000000000
     0.000000000000000     0.000000000000000     0.000913231521844
1 78
    -0.000294298397070    -0.000000000000000    -0.000000000000000
     0.000000000000000    -0.000294298397070    -0.000000000000000
     0.000000000000000     0.000000000000000     0.000712842250409
1 79
     0.000106981118978     0.000000000000000    -0.000000000000000
    -0.000000000000000     0.000106981118978     0.000000000000000
     0.000000000000000     0.000000000000000     0.000712842250409
1 80
    -0.000695577913118    -0.000000000000000     0.000000000000000
     0.000000000000000    -0.000695577913118    -0.000000000000000
     0.000000000000000     0.000000000000000     0.011659106202540
1 81
    -0.001096857429167    -0.000000000000000     0.000000000000000
     0.000000000000000    -0.001096857429167    -0.000000000000000
    -0.000000000000000    -0.000000000000000    -0.151933685265112
1 82
     0.000508260635027    -0.000000000000000    -0.000000000000000
     0.000000000000000     0.000508260635027    -0.000000000000000
    -0.000000000000000    -0.000000000000000    -0.000639785331776
1 83
     0.000508260635027     0.000000000000000    -0.000000000000000
    -0.000000000000000     0.000508260635027     0.000000000000000
    -0.000000000000000    -0.000000000000000    -0.000414347401412
1 84
     0.000508260635027     0.000000000000000    -0.000000000000000
    -0.000000000000000     0.000508260635027     0.000000000000000
    -0.000000000000000    -0.000000000000000    -0.000439396060341
1 85
     0.000508260635027    -0.000000000000000     0.000000000000000
     0.000000000000000     0.000508260635027    -0.000000000000000
    -0.000000000000000    -0.000000000000000    -0.012963725525021
1 86
     0.000106981118978     0.000000000000000     0.000000000000000
    -0.000000000000000     0.000106981118978     0.000000000000000
     0.000000000000000    -0.000000000000000     0.126131477509716
1 87
    -0.000695577913118    -0.000000000000000     0.000000000000000
     0.000000000000000    -0.000695577913118    -0.000000000000000
     0.000000000000000    -0.000000000000000     0.000863134203986
1 88
     0.000106981118978    -0.000000000000000     0.000000000000000
     0.000000000000000     0.000106981118978     0.000000000000000
     0.000000000000000    -0.000000000000000     0.000687793591480
1 89
    -0.000294298397070     0.000000000000000     0.000000000000000
    -0.000000000000000    -0.000294298397070    -0.000000000000000
    -0.000000000000000    -0.000000000000000     0.000712842250409
1 90
     0.000106981118978     0.000000000000000    -0.000000000000000
    -0.000000000000000     0.000106981118978    -0.000000000000000
     0.000000000000000     0.000000000000000     0.015190967111580
1 91
    -0.000294298397070     0.000000000000000    -0.000000000000000
    -0.000000000000000    -0.000294298397070     0.000000000000000
    -0.000000000000000     0.000000000000000    -0.107071537122628
1 92
     0.000508260635027    -0.000000000000000    -0.000000000000000
     0.000000000000000     0.000508260635027    -0.000000000000000
    -0.000000000000000    -0.000000000000000    -0.000639785331776
1 93
     0.000508260635027    -0.000000000000000    -0.000000000000000
     0.000000000000000     0.000508260635027    -0.000000000000000
    -0.000000000000000    -0.000000000000000    -0.000489493378200
1 94
     0.000508260635027    -0.000000000000000    -0.000000000000000
     0.000000000000000     0.000508260635027     0.000000000000000
    -0.000000000000000    -0.000000000000000    -0.000539590696059
1 95
     0.000106981118978    -0.000000000000000    -0.000000000000000
     0.000000000000000     0.000106981118978    -0.000000000000000
    -0.000000000000000    -0.000000000000000    -0.017021608271578
1 96
     0.000106981118978     0.000000000000000    -0.000000000000000
    -0.000000000000000     0.000106981118978     0.000000000000000
     0.000000000000000     0.000000000000000     0.089760824744285
1 97
    -0.000294298397070     0.000000000000000     0.000000000000000
    -0.000000000000000    -0.000294298397070     0.000000000000000
     0.000000000000000     0.000000000000000     0.000813036886127
1 98
    -0.000294298397070     0.000000000000000     0.000000000000000
    -0.000000000000000    -0.000294298397070     0.000000000000000
     0.000000000000000     0.000000000000000     0.000687793591480
1 99
    -0.000294298397070     0.000000000000000     0.000000000000000
    -0.000000000000000    -0.000294298397070     0.000000000000000
     0.000000000000000     0.000000000000000     0.000737890909339
1 100
    -0.000695577913118     0.000000000000000     0.000000000000000
    -0.000000000000000    -0.000695577913118    -0.000000000000000
     0.000000000000000     0.000000000000000     0.020025358284946
1 101
    -0.000695577913118     0.000000000000000    -0.000000000000000
    -0.000000000000000    -0.000695577913118     0.000000000000000
    -0.000000000000000     0.000000000000000    -0.076712562500243
1 102
     0.000106981118978    -0.000000000000000    -0.000000000000000
     0.000000000000000     0.000106981118978    -0.000000000000000
    -0.000000000000000     0.000000000000000    -0.000589688013917
1 103
    -0.000294298397070    -0.000000000000000     0.000000000000000
     0.000000000000000    -0.000294298397070     0.000000000000000
    -0.000000000000000     0.000000000000000    -0.000489493378200
1 104
     0.000106981118978    -0.000000000000000    -0.000000000000000
     0.000000000000000     0.000106981118978    -0.000000000000000
    -0.000000000000000     0.000000000000000    -0.000564639354988
1 105
    -0.000294298397070    -0.000000000000000    -0.000000000000000
     0.000000000000000    -0.000294298397070    -0.000000000000000
    -0.000000000000000     0.000000000000000    -0.022557361894966
1 106
    -0.000294298397070     0.000000000000000    -0.000000000000000
    -0.000000000000000    -0.000294298397070     0.000000000000000
     0.000000000000000     0.000000000000000     0.064737214473854
1 107
    -0.000294298397070    -0.000000000000000     0.000000000000000
     0.000000000000000    -0.000294298397070    -0.000000000000000
     0.000000000000000     0.000000000000000     0.000813036886127
1 108
     0.000106981118978    -0.000000000000000     0.000000000000000
     0.000000000000000     0.000106981118978    -0.000000000000000
     0.000000000000000     0.000000000000000     0.000687793591480
1 109
     0.000106981118978     0.000000000000000    -0.000000000000000
    -0.000000000000000     0.000106981118978     0.000000000000000
     0.000000000000000     0.000000000000000     0.000762939568268
1 110
    -0.000695577913118     0.000000000000000    -0.000000000000000
    -0.000000000000000    -0.000695577913118     0.000000000000000
     0.000000000000000     0.000000000000000     0.026613155583368
1 111
     0.000106981118978    -0.000000000000000    -0.000000000000000
     0.000000000000000     0.000106981118978     0.000000000000000
    -0.000000000000000    -0.000000000000000    -0.055646640340651
1 112
     0.000106981118978     0.000000000000000    -0.000000000000000
    -0.000000000000000     0.000106981118978    -0.000000000000000
    -0.000000000000000    -0.000000000000000    -0.000539590696059
1 113
     0.000508260635027    -0.000000000000000    -0.000000000000000
     0.000000000000000     0.000508260635027     0.000000000000000
    -0.000000000000000    -0.000000000000000    -0.000414347401412
1 114
     0.000508260635027     0.000000000000000    -0.000000000000000
    -0.000000000000000     0.000508260635027    -0.000000000000000
    -0.000000000000000    -0.000000000000000    -0.000489493378200
1 115
    -0.000294298397070     0.000000000000000     0.000000000000000
    -0.000000000000000    -0.000294298397070     0.000000000000000
    -0.000000000000000    -0.000000000000000    -0.030247300186280
1 116
    -0.000695577913118    -0.000000000000000    -0.000000000000000
     0.000000000000000    -0.000695577913118    -0.000000000000000
     0.000000000000000    -0.000000000000000     0.047353445176878
1 117
    -0.000695577913118    -0.000000000000000     0.000000000000000
     0.000000000000000    -0.000695577913118    -0.000000000000000
     0.000000000000000    -0.000000000000000     0.000762939568268
1 118
     0.000106981118978    -0.000000000000000     0.000000000000000
     0.000000000000000     0.000106981118978    -0.000000000000000
     0.000000000000000    -0.000000000000000     0.000662744932551
1 119
     0.000106981118978     0.000000000000000     0.000000000000000
    -0.000000000000000     0.000106981118978     0.000000000000000
    -0.000000000000000    -0.000000000000000     0.000737890909339
1 120
    -0.000695577913118     0.000000000000000    -0.000000000000000
    -0.000000000000000    -0.000695577913118    -0.000000000000000
     0.000000000000000    -0.000000000000000     0.035630672797938
1 121
    -0.000695577913118    -0.000000000000000    -0.000000000000000
     0.000000000000000    -0.000695577913118     0.000000000000000
    -0.000000000000000    -0.000000000000000    -0.040842882913399
1 122
     0.000508260635027    -0.000000000000000    -0.000000000000000
     0.000000000000000     0.000508260635027     0.000000000000000
    -0.000000000000000    -0.000000000000000    -0.000589688013917
1 123
     0.000508260635027    -0.000000000000000    -0.000000000000000
     0.000000000000000     0.000508260635027    -0.000000000000000
    -0.000000000000000    -0.000000000000000    -0.000489493378200
1 124
     0.000508260635027    -0.000000000000000     0.000000000000000
     0.000000000000000     0.000508260635027    -0.000000000000000
    -0.000000000000000    -0.000000000000000    -0.000564639354988
1 125
    -0.000294298397070    -0.000000000000000    -0.000000000000000
     0.000000000000000    -0.000294298397070    -0.000000000000000
    -0.000000000000000    -0.000000000000000    -0.040892980231258
1 126
    -0.000695577913118    -0.000000000000000    -0.000000000000000
     0.000000000000000    -0.000695577913118    -0.000000000000000
     0.000000000000000     0.000000000000000     0.034929310347916
1 127
    -0.000695577913118     0.000000000000000     0.000000000000000
    -0.000000000000000    -0.000695577913118     0.000000000000000
     0.000000000000000     0.000000000000000     0.000737890909339
1 128
    -0.000294298397070     0.000000000000000     0.000000000000000
    -0.000000000000000    -0.000294298397070     0.000000000000000
     0.000000000000000     0.000000000000000     0.000712842250409
1 129
    -0.000294298397070     0.000000000000000     0.000000000000000
    -0.000000000000000    -0.000294298397070     0.000000000000000
     0.000000000000000     0.000000000000000     0.000762939568268
1 130
    -0.000294298397070     0.000000000000000     0.000000000000000
    -0.000000000000000    -0.000294298397070    -0.000000000000000
     0.000000000000000     0.000000000000000     0.048155002262618
1 131
    -0.000294298397070    -0.000000000000000     0.000000000000000
     0.000000000000000    -0.000294298397070    -0.000000000000000
    -0.000000000000000     0.000000000000000    -0.030247300186280
1 132
     0.000106981118978    -0.000000000000000    -0.000000000000000
     0.000000000000000     0.000106981118978     0.000000000000000
    -0.000000000000000     0.000000000000000    -0.000539590696059
1 133
    -0.000294298397070    -0.000000000000000     0.000000000000000
     0.000000000000000    -0.000294298397070     0.000000000000000
    -0.000000000000000     0.000000000000000    -0.000489493378200
1 134
    -0.000294298397070    -0.000000000000000    -0.000000000000000
     0.000000000000000    -0.000294298397070    -0.000000000000000
    -0.000000000000000     0.000000000000000    -0.000589688013917
1 135
    -0.000695577913118    -0.000000000000000     0.000000000000000
     0.000000000000000    -0.000695577913118     0.000000000000000
    -0.000000000000000     0.000000000000000    -0.055646640340651
1 136
    -0.001096857429167    -0.000000000000000     0.000000000000000
     0.000000000000000    -0.001096857429167     0.000000000000000
     0.000000000000000     0.000000000000000     0.026112182404781
1 137
     0.000106981118978    -0.000000000000000    -0.000000000000000
     0.000000000000000     0.000106981118978     0.000000000000000
     0.000000000000000     0.000000000000000     0.000787988227197
1 138
     0.000106981118978    -0.000000000000000    -0.000000000000000
     0.000000000000000     0.000106981118978    -0.000000000000000
     0.000000000000000     0.000000000000000     0.000712842250409
1 139
     0.000106981118978     0.000000000000000    -0.000000000000000
    -0.000000000000000     0.000106981118978     0.000000000000000
     0.000000000000000     0.000000000000000     0.000838085545056
1 140
     0.000508260635027     0.000000000000000     0.000000000000000
    -0.000000000000000     0.000508260635027    -0.000000000000000
     0.000000000000000     0.000000000000000     0.066014696079252
1 141
     0.000106981118978    -0.000000000000000    -0.000000000000000
     0.000000000000000     0.000106981118978     0.000000000000000
    -0.000000000000000    -0.000000000000000    -0.022682605189613
1 142
     0.000508260635027     0.000000000000000     0.000000000000000
    -0.000000000000000     0.000508260635027    -0.000000000000000
    -0.000000000000000    -0.000000000000000    -0.000464444719271
1 143
     0.000508260635027     0.000000000000000    -0.000000000000000
    -0.000000000000000     0.000508260635027     0.000000000000000
    -0.000000000000000    -0.000000000000000    -0.000414347401412
1 144
     0.000508260635027     0.000000000000000    -0.000000000000000
    -0.000000000000000     0.000508260635027    -0.000000000000000
    -0.000000000000000    -0.000000000000000    -0.000589688013917
1 145
    -0.001498136945215     0.000000000000000     0.000000000000000
    -0.000000000000000    -0.001498136945215    -0.000000000000000
    -0.000000000000000    -0.000000000000000    -0.076737611159173
1 146
     0.000106981118978     0.000000000000000    -0.000000000000000
    -0.000000000000000     0.000106981118978    -0.000000000000000
     0.000000000000000    -0.000000000000000     0.019674677059935
1 147
    -0.000294298397070    -0.000000000000000     0.000000000000000
     0.000000000000000    -0.000294298397070     0.000000000000000
    -0.000000000000000    -0.000000000000000     0.000712842250409
1 148
     0.000106981118978    -0.000000000000000     0.000000000000000
     0.000000000000000     0.000106981118978    -0.000000000000000
     0.000000000000000    -0.000000000000000     0.000662744932551
1 149
    -0.000294298397070    -0.000000000000000     0.000000000000000
     0.000000000000000    -0.000294298397070    -0.000000000000000
    -0.000000000000000    -0.000000000000000     0.000813036886127
1 150
     0.000508260635027    -0.000000000000000     0.000000000000000
     0.000000000000000     0.000508260635027    -0.000000000000000
     0.000000000000000    -0.000000000000000     0.091439084892552
1 151
     0.000106981118978    -0.000000000000000     0.000000000000000
     0.000000000000000     0.000106981118978     0.000000000000000
    -0.000000000000000    -0.000000000000000    -0.016996559612648
1 152
     0.000508260635027    -0.000000000000000    -0.000000000000000
     0.000000000000000     0.000508260635027    -0.000000000000000
    -0.000000000000000    -0.000000000000000    -0.000514542037129
1 153
     0.000508260635027    -0.000000000000000    -0.000000000000000
     0.000000000000000     0.000508260635027    -0.000000000000000
    -0.000000000000000    -0.000000000000000    -0.000489493378200
1 154
     0.000508260635027    -0.000000000000000     0.000000000000000
     0.000000000000000     0.000508260635027    -0.000000000000000
    -0.000000000000000    -0.000000000000000    -0.000664833990705
1 155
    -0.000695577913118    -0.000000000000000    -0.000000000000000
     0.000000000000000    -0.000695577913118    -0.000000000000000
    -0.000000000000000    -0.000000000000000    -0.107146683099416
1 156
    -0.001096857429167     0.000000000000000     0.000000000000000
    -0.000000000000000    -0.001096857429167    -0.000000000000000
     0.000000000000000     0.000000000000000     0.014915431863357
1 157
    -0.000695577913118     0.000000000000000     0.000000000000000
    -0.000000000000000    -0.000695577913118     0.000000000000000
     0.000000000000000     0.000000000000000     0.000712842250409
1 158
    -0.000294298397070     0.000000000000000     0.000000000000000
    -0.000000000000000    -0.000294298397070     0.000000000000000
     0.000000000000000     0.000000000000000     0.000687793591480
1 159
    -0.000294298397070     0.000000000000000     0.000000000000000
    -0.000000000000000    -0.000294298397070     0.000000000000000
     0.000000000000000     0.000000000000000     0.000863134203986
1 160
     0.000106981118978    -0.000000000000000    -0.000000000000000
     0.000000000000000     0.000106981118978     0.000000000000000
     0.000000000000000     0.000000000000000     0.128586246084794
1 161
     0.000106981118978    -0.000000000000000     0.000000000000000
     0.000000000000000     0.000106981118978     0.000000000000000
    -0.000000000000000     0.000000000000000    -0.012963725525021
1 162
     0.000106981118978    -0.000000000000000     0.000000000000000
     0.000000000000000     0.000106981118978     0.000000000000000
    -0.000000000000000     0.000000000000000    -0.000489493378200
1 163
    -0.000294298397070    -0.000000000000000     0.000000000000000
     0.000000000000000    -0.000294298397070     0.000000000000000
    -0.000000000000000     0.000000000000000    -0.000489493378200
1 164
    -0.000294298397070    -0.000000000000000    -0.000000000000000
     0.000000000000000    -0.000294298397070     0.000000000000000
    -0.000000000000000     0.000000000000000    -0.000689882649635
1 165
    -0.001096857429167    -0.000000000000000    -0.000000000000000
     0.000000000000000    -0.001096857429167    -0.000000000000000
    -0.000000000000000     0.000000000000000    -0.151883587947253
1 166
    -0.001096857429167     0.000000000000000    -0.000000000000000
    -0.000000000000000    -0.001096857429167     0.000000000000000
     0.000000000000000     0.000000000000000     0.011433668272176
1 167
    -0.000294298397070     0.000000000000000    -0.000000000000000
    -0.000000000000000    -0.000294298397070    -0.000000000000000
     0.000000000000000     0.000000000000000     0.000737890909339
1 168
     0.000508260635027    -0.000000000000000     0.000000000000000
     0.000000000000000     0.000508260635027     0.000000000000000
     0.000000000000000     0.000000000000000     0.000687793591480
1 169
     0.000106981118978    -0.000000000000000    -0.000000000000000
     0.000000000000000     0.000106981118978     0.000000000000000
     0.000000000000000     0.000000000000000     0.000938280180774
1 170
    -0.000294298397070     0.000000000000000    -0.000000000000000
    -0.000000000000000    -0.000294298397070    -0.000000000000000
     0.000000000000000     0.000000000000000     0.184219317566903
1 171
     0.000508260635027     0.000000000000000    -0.000000000000000
    -0.000000000000000     0.000508260635027     0.000000000000000
    -0.000000000000000    -0.000000000000000    -0.009907789135639
1 172
     0.000508260635027     0.000000000000000     0.000000000000000
    -0.000000000000000     0.000508260635027    -0.000000000000000
    -0.000000000000000    -0.000000000000000    -0.000464444719271
1 173
     0.000508260635027     0.000000000000000    -0.000000000000000
    -0.000000000000000     0.000508260635027     0.000000000000000
    -0.000000000000000    -0.000000000000000    -0.000414347401412
1 174
     0.000508260635027     0.000000000000000    -0.000000000000000
    -0.000000000000000     0.000508260635027     0.000000000000000
    -0.000000000000000    -0.000000000000000    -0.000739979967494
1 175
     0.000106981118978    -0.000000000000000    -0.000000000000000
     0.000000000000000     0.000106981118978     0.000000000000000
    -0.000000000000000    -0.000000000000000    -0.219790502304749
1 176
     0.000106981118978     0.000000000000000    -0.000000000000000
    -0.000000000000000     0.000106981118978    -0.000000000000000
     0.000000000000000    -0.000000000000000     0.008828607743522
1 177
     0.000106981118978    -0.000000000000000     0.000000000000000
     0.000000000000000     0.000106981118978     0.000000000000000
     0.000000000000000    -0.000000000000000     0.000712842250409
1 178
     0.000106981118978     0.000000000000000     0.000000000000000
    -0.000000000000000     0.000106981118978    -0.000000000000000
    -0.000000000000000    -0.000000000000000     0.000662744932551
1 179
    -0.000294298397070    -0.000000000000000     0.000000000000000
     0.000000000000000    -0.000294298397070     0.000000000000000
    -0.000000000000000    -0.000000000000000     0.000988377498632
1 180
    -0.000695577913118     0.000000000000000    -0.000000000000000
    -0.000000000000000    -0.000695577913118    -0.000000000000000
     0.000000000000000    -0.000000000000000     0.270086120376750
1 181
     0.000508260635027    -0.000000000000000     0.000000000000000
     0.000000000000000     0.000508260635027     0.000000000000000
    -0.000000000000000    -0.000000000000000    -0.007628361173068
1 182
     0.000508260635027    -0.000000000000000    -0.000000000000000
     0.000000000000000     0.000508260635027    -0.000000000000000
    -0.000000000000000    -0.000000000000000    -0.000489493378200
1 183
     0.000508260635027    -0.000000000000000    -0.000000000000000
     0.000000000000000     0.000508260635027    -0.000000000000000
    -0.000000000000000    -0.000000000000000    -0.000489493378200
1 184
     0.000508260635027    -0.000000000000000    -0.000000000000000
     0.000000000000000     0.000508260635027     0.000000000000000
    -0.000000000000000    -0.000000000000000    -0.000840174603211
1 185
     0.000508260635027    -0.000000000000000     0.000000000000000
     0.000000000000000     0.000508260635027     0.000000000000000
    -0.000000000000000    -0.000000000000000    -0.326497789343824
1 186
    -0.000695577913118     0.000000000000000     0.000000000000000
    -0.000000000000000    -0.000695577913118    -0.000000000000000
     0.000000000000000     0.000000000000000     0.006899861005961
1 187
    -0.000695577913118     0.000000000000000     0.000000000000000
    -0.000000000000000    -0.000695577913118     0.000000000000000
     0.000000000000000     0.000000000000000     0.000687793591480
1 188
    -0.000294298397070     0.000000000000000     0.000000000000000
    -0.000000000000000    -0.000294298397070     0.000000000000000
     0.000000000000000     0.000000000000000     0.000687793591480
1 189
     0.000106981118978     0.000000000000000    -0.000000000000000
    -0.000000000000000     0.000106981118978     0.000000000000000
     0.000000000000000     0.000000000000000     0.001038474816491
1 190
     0.000106981118978    -0.000000000000000     0.000000000000000
     0.000000000000000     0.000106981118978     0.000000000000000
     0.000000000000000    -0.000000000000000     0.408229474372172
1 191
     0.000106981118978    -0.000000000000000     0.000000000000000
     0.000000000000000     0.000106981118978     0.000000000000000
    -0.000000000000000     0.000000000000000    -0.005950101024800
1 192
    -0.000294298397070    -0.000000000000000     0.000000000000000
     0.000000000000000    -0.000294298397070     0.000000000000000
    -0.000000000000000     0.000000000000000    -0.000489493378200
1 193
    -0.000294298397070    -0.000000000000000     0.000000000000000
     0.000000000000000    -0.000294298397070     0.000000000000000
    -0.000000000000000     0.000000000000000    -0.000489493378200
1 194
    -0.000294298397070    -0.000000000000000    -0.000000000000000
     0.000000000000000    -0.000294298397070     0.000000000000000
    -0.000000000000000     0.000000000000000    -0.000915320579999
1 195
    -0.001096857429167    -0.000000000000000    -0.000000000000000
     0.000000000000000    -0.001096857429167     0.000000000000000
    -0.000000000000000     0.000000000000000    -0.502364423686863
1 196
    -0.000294298397070    -0.000000000000000    -0.000000000000000
     0.000000000000000    -0.000294298397070     0.000000000000000
     0.000000000000000     0.000000000000000     0.005396941470200
1 197
    -0.000294298397070    -0.000000000000000    -0.000000000000000
     0.000000000000000    -0.000294298397070    -0.000000000000000
     0.000000000000000     0.000000000000000     0.000712842250409
1 198
    -0.000294298397070    -0.000000000000000     0.000000000000000
     0.000000000000000    -0.000294298397070     0.000000000000000
     0.000000000000000     0.000000000000000     0.000687793591480
1 199
    -0.000294298397070    -0.000000000000000    -0.000000000000000
     0.000000000000000    -0.000294298397070    -0.000000000000000
     0.000000000000000     0.000000000000000     0.001163718111138
1 200
     0.000508260635027     0.000000000000000     0.000000000000000
    -0.000000000000000     0.000508260635027     0.000000000000000
     0.000000000000000     0.000000000000000     0.642985505858137
1 201
     0.000508260635027    -0.000000000000000    -0.000000000000000
     0.000000000000000     0.000508260635027     0.000000000000000
    -0.000000000000000    -0.000000000000000    -0.004622522101544
1 202
     0.000508260635027     0.000000000000000    -0.000000000000000
    -0.000000000000000     0.000508260635027     0.000000000000000
    -0.000000000000000    -0.000000000000000    -0.000439396060341
1 203
     0.000106981118978     0.000000000000000    -0.000000000000000
    -0.000000000000000     0.000106981118978     0.000000000000000
    -0.000000000000000    -0.000000000000000    -0.000414347401412
1 204
     0.000508260635027     0.000000000000000     0.000000000000000
    -0.000000000000000     0.000508260635027    -0.000000000000000
    -0.000000000000000    -0.000000000000000    -0.001015515215716
1 205
    -0.001096857429167    -0.000000000000000    -0.000000000000000
     0.000000000000000    -0.001096857429167     0.000000000000000
    -0.000000000000000    -0.000000000000000    -0.812692259162707
1 206
    -0.000294298397070    -0.000000000000000     0.000000000000000
     0.000000000000000    -0.000294298397070    -0.000000000000000
     0.000000000000000    -0.000000000000000     0.004319849136237
1 207
     0.000106981118978    -0.000000000000000     0.000000000000000
     0.000000000000000     0.000106981118978     0.000000000000000
     0.000000000000000    -0.000000000000000     0.000687793591480
1 208
     0.000106981118978     0.000000000000000     0.000000000000000
    -0.000000000000000     0.000106981118978    -0.000000000000000
    -0.000000000000000    -0.000000000000000     0.000662744932551
1 209
    -0.000294298397070    -0.000000000000000     0.000000000000000
     0.000000000000000    -0.000294298397070    -0.000000000000000
    -0.000000000000000    -0.000000000000000     0.001314010064714
1 210
     0.001712099183172    -0.000000000000000    -0.000000000000000
     0.000000000000000     0.001712099183172    -0.000000000000000
     0.000000000000000    -0.000000000000000     1.079408290384381
1 211
     0.000508260635027    -0.000000000000000     0.000000000000000
     0.000000000000000     0.000508260635027    -0.000000000000000
    -0.000000000000000    -0.000000000000000    -0.003670673062229
1 212
     0.000508260635027    -0.000000000000000    -0.000000000000000
     0.000000000000000     0.000508260635027    -0.000000000000000
    -0.000000000000000    -0.000000000000000    -0.000489493378200
1 213
     0.000508260635027    -0.000000000000000    -0.000000000000000
     0.000000000000000     0.000508260635027    -0.000000000000000
    -0.000000000000000    -0.000000000000000    -0.000489493378200
1 214
     0.000106981118978     0.000000000000000    -0.000000000000000
    -0.000000000000000     0.000106981118978     0.000000000000000
    -0.000000000000000    -0.000000000000000    -0.001190855828222
1 215
    -0.000695577913118    -0.000000000000000     0.000000000000000
     0.000000000000000    -0.000695577913118     0.000000000000000
     0.000000000000000     0.000000000000000    -1.423704196426593
1 216
     0.000106981118978     0.000000000000000    -0.000000000000000
    -0.000000000000000     0.000106981118978    -0.000000000000000
     0.000000000000000     0.000000000000000     0.003493243391568
1 217
    -0.000294298397070     0.000000000000000     0.000000000000000
    -0.000000000000000    -0.000294298397070     0.000000000000000
     0.000000000000000     0.000000000000000     0.000687793591480
1 218
    -0.000294298397070     0.000000000000000     0.000000000000000
    -0.000000000000000    -0.000294298397070     0.000000000000000
     0.000000000000000     0.000000000000000     0.000687793591480
1 219
    -0.000294298397070     0.000000000000000     0.000000000000000
    -0.000000000000000    -0.000294298397070     0.000000000000000
     0.000000000000000     0.000000000000000     0.001439253359361
1 220
    -0.007517329685940     0.000000000000000     0.000000000000001
    -0.000000000000000    -0.007517329685940     0.000000000000000
     0.000000000000000     0.000000000000000     2.017305226676418
1 221
     0.000508260635027    -0.000000000000000    -0.000000000000000
     0.000000000000000     0.000508260635027    -0.000000000000000
    -0.000000000000000    -0.000000000000000    -0.002944261953277
1 222
     0.000106981118978    -0.000000000000000     0.000000000000000
     0.000000000000000     0.000106981118978    -0.000000000000000
    -0.000000000000000     0.000000000000000    -0.000514542037129
1 223
    -0.000294298397070    -0.000000000000000     0.000000000000000
     0.000000000000000    -0.000294298397070     0.000000000000000
    -0.000000000000000     0.000000000000000    -0.000489493378200
1 224
    -0.000294298397070    -0.000000000000000     0.000000000000000
     0.000000000000000    -0.000294298397070    -0.000000000000000
    -0.000000000000000     0.000000000000000    -0.001416293758586
1 225
     0.020572236437444    -0.000000000000000    -0.000000000000000
     0.000000000000000     0.020572236437444     0.000000000000000
     0.000000000000000    -0.000000000000000    -2.906334318455428
1 226
     0.000106981118978     0.000000000000000    -0.000000000000000
    -0.000000000000000     0.000106981118978    -0.000000000000000
     0.000000000000000     0.000000000000000     0.002867026918334
1 227
     0.000106981118978     0.000000000000000     0.000000000000000
    -0.000000000000000     0.000106981118978     0.000000000000000
     0.000000000000000     0.000000000000000     0.000687793591480
1 228
    -0.000294298397070    -0.000000000000000     0.000000000000000
     0.000000000000000    -0.000294298397070     0.000000000000000
     0.000000000000000     0.000000000000000     0.000687793591480
1 229
     0.000106981118978     0.000000000000000     0.000000000000000
    -0.000000000000000     0.000106981118978     0.000000000000000
     0.000000000000000     0.000000000000000     0.001714788607584
1 230
     0.135338178027273    -0.000000000000000    -0.000000000000001
     0.000000000000000     0.135338178027273    -0.000000000000001
    -0.000000000000000    -0.000000000000000     4.699841257398400
1 231
     0.000106981118978    -0.000000000000000    -0.000000000000000
     0.000000000000000     0.000106981118978     0.000000000000000
    -0.000000000000000    -0.000000000000000    -0.002318045480043
1 232
     0.000106981118978     0.000000000000000    -0.000000000000000
    -0.000000000000000     0.000106981118978    -0.000000000000000
    -0.000000000000000    -0.000000000000000    -0.000464444719271
1 233
     0.000106981118978    -0.000000000000000    -0.000000000000000
     0.000000000000000     0.000106981118978     0.000000000000000
    -0.000000000000000    -0.000000000000000    -0.000439396060341
1 234
     0.000106981118978    -0.000000000000000     0.000000000000000
     0.000000000000000     0.000106981118978    -0.000000000000000
    -0.000000000000000    -0.000000000000000    -0.001616683030021
1 235
    -0.192507186584230    -0.000000000000000     0.000000000000000
     0.000000000000000    -0.192507186584230    -0.000000000000000
     0.000000000000000     0.000000000000000    -8.197663128011353
1 236
    -0.000695577913118    -0.000000000000000     0.000000000000000
     0.000000000000000    -0.000695577913118     0.000000000000000
     0.000000000000000     0.000000000000000     0.002315956421888
1 237
    -0.000695577913118     0.000000000000000    -0.000000000000000
    -0.000000000000000    -0.000695577913118     0.000000000000000
     0.000000000000000     0.000000000000000     0.000662744932551
1 238
    -0.000695577913118    -0.000000000000000    -0.000000000000000
     0.000000000000000    -0.000695577913118     0.000000000000000
     0.000000000000000     0.000000000000000     0.000687793591480
1 239
    -0.000695577913118    -0.000000000000000    -0.000000000000000
     0.000000000000000    -0.000695577913118    -0.000000000000000
     0.000000000000000     0.000000000000000     0.001990323855807
1 240
    -1.855008221572545    -0.000000000000000     0.000000000000005
     0.000000000000000    -1.855008221572545     0.000000000000002
     0.000000000000000     0.000000000000000   -23.906203164450709
6 1
    -1.956130659616730    -0.000000000000000    -0.000000000000003
     0.000000000000000    -1.956130659616730    -0.000000000000001
     0.000000000000000     0.000000000000000   -13.596175149126015
6 2
    -0.000294298397070    -0.000000000000000    -0.000000000000000
     0.000000000000000    -0.000294298397070     0.000000000000000
     0.000000000000000     0.000000000000000     0.002391102398677
6 3
    -0.000294298397070     0.000000000000000     0.000000000000000
    -0.000000000000000    -0.000294298397070     0.000000000000000
     0.000000000000000     0.000000000000000     0.000712842250409
6 4
    -0.000695577913118     0.000000000000000     0.000000000000000
    -0.000000000000000    -0.000695577913118    -0.000000000000000
     0.000000000000000     0.000000000000000     0.000712842250409
6 5
    -0.000294298397070     0.000000000000000     0.000000000000000
    -0.000000000000000    -0.000294298397070    -0.000000000000000
     0.000000000000000     0.000000000000000     0.001965275196877
6 6
     3.845969862926368    -0.000000000000000    -0.000000000000008
     0.000000000000000     3.845969862926368     0.000000000000008
    -0.000000000000000    -0.000000000000000    48.215874469018857
6 7
     0.000106981118978    -0.000000000000000    -0.000000000000000
     0.000000000000000     0.000106981118978    -0.000000000000000
    -0.000000000000000     0.000000000000000    -0.001917266937173
6 8
    -0.000294298397070    -0.000000000000000    -0.000000000000000
     0.000000000000000    -0.000294298397070    -0.000000000000000
    -0.000000000000000     0.000000000000000    -0.000464444719271
6 9
    -0.000294298397070    -0.000000000000000    -0.000000000000000
     0.000000000000000    -0.000294298397070     0.000000000000000
    -0.000000000000000     0.000000000000000    -0.000439396060341
6 10
     0.000106981118978    -0.000000000000000    -0.000000000000000
     0.000000000000000     0.000106981118978    -0.000000000000000
     0.000000000000000     0.000000000000000    -0.001917266937173
6 11
    -1.855008221572545    -0.000000000000000     0.000000000000005
     0.000000000000000    -1.855008221572545     0.000000000000002
     0.000000000000000     0.000000000000000   -23.906203164450709
6 12
    -0.000695577913118    -0.000000000000000    -0.000000000000000
     0.000000000000000    -0.000695577913118    -0.000000000000000
     0.000000000000000     0.000000000000000     0.001990323855807
6 13
    -0.000695577913118    -0.000000000000000    -0.000000000000000
     0.000000000000000    -0.000695577913118     0.000000000000000
     0.000000000000000     0.000000000000000     0.000687793591480
6 14
    -0.000695577913118     0.000000000000000    -0.000000000000000
    -0.000000000000000    -0.000695577913118     0.000000000000000
     0.000000000000000     0.000000000000000     0.000662744932551
6 15
    -0.000695577913118    -0.000000000000000     0.000000000000000
     0.000000000000000    -0.000695577913118     0.000000000000000
     0.000000000000000     0.000000000000000     0.002315956421888
6 16
    -0.192507186584230    -0.000000000000000     0.000000000000000
     0.000000000000000    -0.192507186584230    -0.000000000000000
     0.000000000000000     0.000000000000000    -8.197663128011353
6 17
     0.000106981118978    -0.000000000000000     0.000000000000000
     0.000000000000000     0.000106981118978    -0.000000000000000
    -0.000000000000000    -0.000000000000000    -0.001616683030021
6 18
     0.000106981118978    -0.000000000000000    -0.000000000000000
     0.000000000000000     0.000106981118978     0.000000000000000
    -0.000000000000000    -0.000000000000000    -0.000439396060341
6 19
     0.000106981118978     0.000000000000000    -0.000000000000000
    -0.000000000000000     0.000106981118978    -0.000000000000000
    -0.000000000000000    -0.000000000000000    -0.000464444719271
6 20
     0.000106981118978    -0.000000000000000    -0.000000000000000
     0.000000000000000     0.000106981118978     0.000000000000000
    -0.000000000000000    -0.000000000000000    -0.002318045480043
6 21
     0.135338178027273    -0.000000000000000    -0.000000000000001
     0.000000000000000     0.135338178027273    -0.000000000000001
    -0.000000000000000    -0.000000000000000     4.699841257398400
6 22
     0.000106981118978     0.000000000000000     0.000000000000000
    -0.000000000000000     0.000106981118978     0.000000000000000
     0.000000000000000     0.000000000000000     0.001714788607584
6 23
    -0.000294298397070    -0.000000000000000     0.000000000000000
     0.000000000000000    -0.000294298397070     0.000000000000000
     0.000000000000000     0.000000000000000     0.000687793591480
6 24
     0.000106981118978     0.000000000000000     0.000000000000000
    -0.000000000000000     0.000106981118978     0.000000000000000
     0.000000000000000     0.000000000000000     0.000687793591480
6 25
     0.000106981118978     0.000000000000000    -0.000000000000000
    -0.000000000000000     0.000106981118978    -0.000000000000000
     0.000000000000000     0.000000000000000     0.002867026918334
6 26
     0.020572236437444    -0.000000000000000    -0.000000000000000
     0.000000000000000     0.020572236437444     0.000000000000000
     0.000000000000000    -0.000000000000000    -2.906334318455428
6 27
    -0.000294298397070    -0.000000000000000     0.000000000000000
     0.000000000000000    -0.000294298397070    -0.000000000000000
    -0.000000000000000     0.000000000000000    -0.001416293758586
6 28
    -0.000294298397070    -0.000000000000000     0.000000000000000
     0.000000000000000    -0.000294298397070     0.000000000000000
    -0.000000000000000     0.000000000000000    -0.000489493378200
6 29
     0.000106981118978    -0.000000000000000     0.000000000000000
     0.000000000000000     0.000106981118978    -0.000000000000000
    -0.000000000000000     0.000000000000000    -0.000514542037129
6 30
     0.000508260635027    -0.000000000000000    -0.000000000000000
     0.000000000000000     0.000508260635027    -0.000000000000000
    -0.000000000000000    -0.000000000000000    -0.002944261953277
6 31
    -0.007517329685940     0.000000000000000     0.000000000000001
    -0.000000000000000    -0.007517329685940     0.000000000000000
     0.000000000000000     0.000000000000000     2.017305226676418
6 32
    -0.000294298397070     0.000000000000000     0.000000000000000
    -0.000000000000000    -0.000294298397070     0.000000000000000
     0.000000000000000     0.000000000000000     0.001439253359361
6 33
    -0.000294298397070     0.000000000000000     0.000000000000000
    -0.000000000000000    -0.000294298397070     0.000000000000000
     0.000000000000000     0.000000000000000     0.000687793591480
6 34
    -0.000294298397070     0.000000000000000     0.000000000000000
    -0.000000000000000    -0.000294298397070     0.000000000000000
     0.000000000000000     0.000000000000000     0.000687793591480
6 35
     0.000106981118978     0.000000000000000    -0.000000000000000
    -0.000000000000000     0.000106981118978    -0.000000000000000
     0.000000000000000     0.000000000000000     0.003493243391568
6 36
    -0.000695577913118    -0.000000000000000     0.000000000000000
     0.000000000000000    -0.000695577913118     0.000000000000000
     0.000000000000000     0.000000000000000    -1.423704196426593
6 37
     0.000106981118978     0.000000000000000    -0.000000000000000
    -0.000000000000000     0.000106981118978     0.000000000000000
    -0.000000000000000    -0.000000000000000    -0.001190855828222
6 38
     0.000508260635027    -0.000000000000000    -0.000000000000000
     0.000000000000000     0.000508260635027    -0.000000000000000
    -0.000000000000000    -0.000000000000000    -0.000489493378200
6 39
     0.000508260635027    -0.000000000000000    -0.000000000000000
     0.000000000000000     0.000508260635027    -0.000000000000000
    -0.000000000000000    -0.000000000000000    -0.000489493378200
6 40
     0.000508260635027    -0.000000000000000     0.000000000000000
     0.000000000000000     0.000508260635027    -0.000000000000000
    -0.000000000000000    -0.000000000000000    -0.003670673062229
6 41
     0.001712099183172    -0.000000000000000    -0.000000000000000
     0.000000000000000     0.001712099183172    -0.000000000000000
     0.000000000000000    -0.000000000000000     1.079408290384381
6 42
    -0.000294298397070    -0.000000000000000     0.000000000000000
     0.000000000000000    -0.000294298397070    -0.000000000000000
    -0.000000000000000    -0.000000000000000     0.001314010064714
6 43
     0.000106981118978     0.000000000000000     0.000000000000000
    -0.000000000000000     0.000106981118978    -0.000000000000000
    -0.000000000000000    -0.000000000000000     0.000662744932551
6 44
     0.000106981118978    -0.000000000000000     0.000000000000000
     0.000000000000000     0.000106981118978     0.000000000000000
     0.000000000000000    -0.000000000000000     0.000687793591480
6 45
    -0.000294298397070    -0.000000000000000     0.000000000000000
     0.000000000000000    -0.000294298397070    -0.000000000000000
     0.000000000000000    -0.000000000000000     0.004319849136237
6 46
    -0.001096857429167    -0.000000000000000    -0.000000000000000
     0.000000000000000    -0.001096857429167     0.000000000000000
    -0.000000000000000    -0.000000000000000    -0.812692259162707
6 47
     0.000508260635027     0.000000000000000     0.000000000000000
    -0.000000000000000     0.000508260635027    -0.000000000000000
    -0.000000000000000    -0.000000000000000    -0.001015515215716
6 48
     0.000106981118978     0.000000000000000    -0.000000000000000
    -0.000000000000000     0.000106981118978     0.000000000000000
    -0.000000000000000    -0.000000000000000    -0.000414347401412
6 49
     0.000508260635027     0.000000000000000    -0.000000000000000
    -0.000000000000000     0.000508260635027     0.000000000000000
    -0.000000000000000    -0.000000000000000    -0.000439396060341
6 50
     0.000508260635027    -0.000000000000000    -0.000000000000000
     0.000000000000000     0.000508260635027     0.000000000000000
    -0.000000000000000    -0.000000000000000    -0.004622522101544
6 51
     0.000508260635027     0.000000000000000     0.000000000000000
    -0.000000000000000     0.000508260635027     0.000000000000000
     0.000000000000000     0.000000000000000     0.642985505858137
6 52
    -0.000294298397070    -0.000000000000000    -0.000000000000000
     0.000000000000000    -0.000294298397070    -0.000000000000000
     0.000000000000000     0.000000000000000     0.001163718111138
6 53
    -0.000294298397070    -0.000000000000000     0.000000000000000
     0.000000000000000    -0.000294298397070     0.000000000000000
     0.000000000000000     0.000000000000000     0.000687793591480
6 54
    -0.000294298397070    -0.000000000000000    -0.000000000000000
     0.000000000000000    -0.000294298397070    -0.000000000000000
     0.000000000000000     0.000000000000000     0.000712842250409
6 55
    -0.000294298397070    -0.000000000000000    -0.000000000000000
     0.000000000000000    -0.000294298397070     0.000000000000000
     0.000000000000000     0.000000000000000     0.005396941470200
6 56
    -0.001096857429167    -0.000000000000000    -0.000000000000000
     0.000000000000000    -0.001096857429167     0.000000000000000
    -0.000000000000000     0.000000000000000    -0.502364423686863
6 57
    -0.000294298397070    -0.000000000000000    -0.000000000000000
     0.000000000000000    -0.000294298397070     0.000000000000000
    -0.000000000000000     0.000000000000000    -0.000915320579999
6 58
    -0.000294298397070    -0.000000000000000     0.000000000000000
     0.000000000000000    -0.000294298397070     0.000000000000000
    -0.000000000000000     0.000000000000000    -0.000489493378200
6 59
    -0.000294298397070    -0.000000000000000     0.000000000000000
     0.000000000000000    -0.000294298397070     0.000000000000000
    -0.000000000000000     0.000000000000000    -0.000489493378200
6 60
     0.000106981118978    -0.000000000000000     0.000000000000000
     0.000000000000000     0.000106981118978     0.000000000000000
    -0.000000000000000     0.000000000000000    -0.005950101024800
6 61
     0.000106981118978    -0.000000000000000     0.000000000000000
     0.000000000000000     0.000106981118978     0.000000000000000
     0.000000000000000    -0.000000000000000     0.408229474372172
6 62
     0.000106981118978     0.000000000000000    -0.000000000000000
    -0.000000000000000     0.000106981118978     0.000000000000000
     0.000000000000000     0.000000000000000     0.001038474816491
6 63
    -0.000294298397070     0.000000000000000     0.000000000000000
    -0.000000000000000    -0.000294298397070     0.000000000000000
     0.000000000000000     0.000000000000000     0.000687793591480
6 64
    -0.000695577913118     0.000000000000000     0.000000000000000
    -0.000000000000000    -0.000695577913118     0.000000000000000
     0.000000000000000     0.000000000000000     0.000687793591480
6 65
    -0.000695577913118     0.000000000000000     0.000000000000000
    -0.000000000000000    -0.000695577913118    -0.000000000000000
     0.000000000000000     0.000000000000000     0.006899861005961
6 66
     0.000508260635027    -0.000000000000000     0.000000000000000
     0.000000000000000     0.000508260635027     0.000000000000000
    -0.000000000000000    -0.000000000000000    -0.326497789343824
6 67
     0.000508260635027    -0.000000000000000    -0.000000000000000
     0.000000000000000     0.000508260635027     0.000000000000000
    -0.000000000000000    -0.000000000000000    -0.000840174603211
6 68
     0.000508260635027    -0.000000000000000    -0.000000000000000
     0.000000000000000     0.000508260635027    -0.000000000000000
    -0.000000000000000    -0.000000000000000    -0.000489493378200
6 69
     0.000508260635027    -0.000000000000000    -0.000000000000000
     0.000000000000000     0.000508260635027    -0.000000000000000
    -0.000000000000000    -0.000000000000000    -0.000489493378200
6 70
     0.000508260635027    -0.000000000000000     0.000000000000000
     0.000000000000000     0.000508260635027     0.000000000000000
    -0.000000000000000    -0.000000000000000    -0.007628361173068
6 71
    -0.000695577913118     0.000000000000000    -0.000000000000000
    -0.000000000000000    -0.000695577913118    -0.000000000000000
     0.000000000000000    -0.000000000000000     0.270086120376750
6 72
    -0.000294298397070    -0.000000000000000     0.000000000000000
     0.000000000000000    -0.000294298397070     0.000000000000000
    -0.000000000000000    -0.000000000000000     0.000988377498632
6 73
     0.000106981118978     0.000000000000000     0.000000000000000
    -0.000000000000000     0.000106981118978    -0.000000000000000
    -0.000000000000000    -0.000000000000000     0.000662744932551
6 74
     0.000106981118978    -0.000000000000000     0.000000000000000
     0.000000000000000     0.000106981118978     0.000000000000000
     0.000000000000000    -0.000000000000000     0.000712842250409
6 75
     0.000106981118978     0.000000000000000    -0.000000000000000
    -0.000000000000000     0.000106981118978    -0.000000000000000
     0.000000000000000    -0.000000000000000     0.008828607743522
6 76
     0.000106981118978    -0.000000000000000    -0.000000000000000
     0.000000000000000     0.000106981118978     0.000000000000000
    -0.000000000000000    -0.000000000000000    -0.219790502304749
6 77
     0.000508260635027     0.000000000000000    -0.000000000000000
    -0.000000000000000     0.000508260635027     0.000000000000000
    -0.000000000000000    -0.000000000000000    -0.000739979967494
6 78
     0.000508260635027     0.000000000000000    -0.000000000000000
    -0.000000000000000     0.000508260635027     0.000000000000000
    -0.000000000000000    -0.000000000000000    -0.000414347401412
6 79
     0.000508260635027     0.000000000000000     0.000000000000000
    -0.000000000000000     0.000508260635027    -0.000000000000000
    -0.000000000000000    -0.000000000000000    -0.000464444719271
6 80
     0.000508260635027     0.000000000000000    -0.000000000000000
    -0.000000000000000     0.000508260635027     0.000000000000000
    -0.000000000000000    -0.000000000000000    -0.009907789135639
6 81
    -0.000294298397070     0.000000000000000    -0.000000000000000
    -0.000000000000000    -0.000294298397070    -0.000000000000000
     0.000000000000000     0.000000000000000     0.184219317566903
6 82
     0.000106981118978    -0.000000000000000    -0.000000000000000
     0.000000000000000     0.000106981118978     0.000000000000000
     0.000000000000000     0.000000000000000     0.000938280180774
6 83
     0.000508260635027    -0.000000000000000     0.000000000000000
     0.000000000000000     0.000508260635027     0.000000000000000
     0.000000000000000     0.000000000000000     0.000687793591480
6 84
    -0.000294298397070     0.000000000000000    -0.000000000000000
    -0.000000000000000    -0.000294298397070    -0.000000000000000
     0.000000000000000     0.000000000000000     0.000737890909339
6 85
    -0.001096857429167     0.000000000000000    -0.000000000000000
    -0.000000000000000    -0.001096857429167     0.000000000000000
     0.000000000000000     0.000000000000000     0.011433668272176
6 86
    -0.001096857429167    -0.000000000000000    -0.000000000000000
     0.000000000000000    -0.001096857429167    -0.000000000000000
    -0.000000000000000     0.000000000000000    -0.151883587947253
6 87
    -0.000294298397070    -0.000000000000000    -0.000000000000000
     0.000000000000000    -0.000294298397070     0.000000000000000
    -0.000000000000000     0.000000000000000    -0.000689882649635
6 88
    -0.000294298397070    -0.000000000000000     0.000000000000000
     0.000000000000000    -0.000294298397070     0.000000000000000
    -0.000000000000000     0.000000000000000    -0.000489493378200
6 89
     0.000106981118978    -0.000000000000000     0.000000000000000
     0.000000000000000     0.000106981118978     0.000000000000000
    -0.000000000000000     0.000000000000000    -0.000489493378200
6 90
     0.000106981118978    -0.000000000000000     0.000000000000000
     0.000000000000000     0.000106981118978     0.000000000000000
    -0.000000000000000     0.000000000000000    -0.012963725525021
6 91
     0.000106981118978    -0.000000000000000    -0.000000000000000
     0.000000000000000     0.000106981118978     0.000000000000000
     0.000000000000000     0.000000000000000     0.128586246084794
6 92
    -0.000294298397070     0.000000000000000     0.000000000000000
    -0.000000000000000    -0.000294298397070     0.000000000000000
     0.000000000000000     0.000000000000000     0.000863134203986
6 93
    -0.000294298397070     0.000000000000000     0.000000000000000
    -0.000000000000000    -0.000294298397070     0.000000000000000
     0.000000000000000     0.000000000000000     0.000687793591480
6 94
    -0.000695577913118     0.000000000000000     0.000000000000000
    -0.000000000000000    -0.000695577913118     0.000000000000000
     0.000000000000000     0.000000000000000     0.000712842250409
6 95
    -0.001096857429167     0.000000000000000     0.000000000000000
    -0.000000000000000    -0.001096857429167    -0.000000000000000
     0.000000000000000     0.000000000000000     0.014915431863357
6 96
    -0.000695577913118    -0.000000000000000    -0.000000000000000
     0.000000000000000    -0.000695577913118    -0.000000000000000
    -0.000000000000000    -0.000000000000000    -0.107146683099416
6 97
     0.000508260635027    -0.000000000000000     0.000000000000000
     0.000000000000000     0.000508260635027    -0.000000000000000
    -0.000000000000000    -0.000000000000000    -0.000664833990705
6 98
     0.000508260635027    -0.000000000000000    -0.000000000000000
     0.000000000000000     0.000508260635027    -0.000000000000000
    -0.000000000000000    -0.000000000000000    -0.000489493378200
6 99
     0.000508260635027    -0.000000000000000    -0.000000000000000
     0.000000000000000     0.000508260635027    -0.000000000000000
    -0.000000000000000    -0.000000000000000    -0.000514542037129
6 100
     0.000106981118978    -0.000000000000000     0.000000000000000
     0.000000000000000     0.000106981118978     0.000000000000000
    -0.000000000000000    -0.000000000000000    -0.016996559612648
6 101
     0.000508260635027    -0.000000000000000     0.000000000000000
     0.000000000000000     0.000508260635027    -0.000000000000000
     0.000000000000000    -0.000000000000000     0.091439084892552
6 102
    -0.000294298397070    -0.000000000000000     0.000000000000000
     0.000000000000000    -0.000294298397070    -0.000000000000000
    -0.000000000000000    -0.000000000000000     0.000813036886127
6 103
     0.000106981118978    -0.000000000000000     0.000000000000000
     0.000000000000000     0.000106981118978    -0.000000000000000
     0.000000000000000    -0.000000000000000     0.000662744932551
6 104
    -0.000294298397070    -0.000000000000000     0.000000000000000
     0.000000000000000    -0.000294298397070     0.000000000000000
    -0.000000000000000    -0.000000000000000     0.000712842250409
6 105
     0.000106981118978     0.000000000000000    -0.000000000000000
    -0.000000000000000     0.000106981118978    -0.000000000000000
     0.000000000000000    -0.000000000000000     0.019674677059935
6 106
    -0.001498136945215     0.000000000000000     0.000000000000000
    -0.000000000000000    -0.001498136945215    -0.000000000000000
    -0.000000000000000    -0.000000000000000    -0.076737611159173
6 107
     0.000508260635027     0.000000000000000    -0.000000000000000
    -0.000000000000000     0.000508260635027    -0.000000000000000
    -0.000000000000000    -0.000000000000000    -0.000589688013917
6 108
     0.000508260635027     0.000000000000000    -0.000000000000000
    -0.000000000000000     0.000508260635027     0.000000000000000
    -0.000000000000000    -0.000000000000000    -0.000414347401412
6 109
     0.000508260635027     0.000000000000000     0.000000000000000
    -0.000000000000000     0.000508260635027    -0.000000000000000
    -0.000000000000000    -0.000000000000000    -0.000464444719271
6 110
     0.000106981118978    -0.000000000000000    -0.000000000000000
     0.000000000000000     0.000106981118978     0.000000000000000
    -0.000000000000000    -0.000000000000000    -0.022682605189613
6 111
     0.000508260635027     0.000000000000000     0.000000000000000
    -0.000000000000000     0.000508260635027    -0.000000000000000
     0.000000000000000     0.000000000000000     0.066014696079252
6 112
     0.000106981118978     0.000000000000000    -0.000000000000000
    -0.000000000000000     0.000106981118978     0.000000000000000
     0.000000000000000     0.000000000000000     0.000838085545056
6 113
     0.000106981118978    -0.000000000000000    -0.000000000000000
     0.000000000000000     0.000106981118978    -0.000000000000000
     0.000000000000000     0.000000000000000     0.000712842250409
6 114
     0.000106981118978    -0.000000000000000    -0.000000000000000
     0.000000000000000     0.000106981118978     0.000000000000000
     0.000000000000000     0.000000000000000     0.000787988227197
6 115
    -0.001096857429167    -0.000000000000000     0.000000000000000
     0.000000000000000    -0.001096857429167     0.000000000000000
     0.000000000000000     0.000000000000000     0.026112182404781
6 116
    -0.000695577913118    -0.000000000000000     0.000000000000000
     0.000000000000000    -0.000695577913118     0.000000000000000
    -0.000000000000000     0.000000000000000    -0.055646640340651
6 117
    -0.000294298397070    -0.000000000000000    -0.000000000000000
     0.000000000000000    -0.000294298397070    -0.000000000000000
    -0.000000000000000     0.000000000000000    -0.000589688013917
6 118
    -0.000294298397070    -0.000000000000000     0.000000000000000
     0.000000000000000    -0.000294298397070     0.000000000000000
    -0.000000000000000     0.000000000000000    -0.000489493378200
6 119
     0.000106981118978    -0.000000000000000    -0.000000000000000
     0.000000000000000     0.000106981118978     0.000000000000000
    -0.000000000000000     0.000000000000000    -0.000539590696059
6 120
    -0.000294298397070    -0.000000000000000     0.000000000000000
     0.000000000000000    -0.000294298397070    -0.000000000000000
    -0.000000000000000     0.000000000000000    -0.030247300186280
6 121
    -0.000294298397070     0.000000000000000     0.000000000000000
    -0.000000000000000    -0.000294298397070    -0.000000000000000
     0.000000000000000     0.000000000000000     0.048155002262618
6 122
    -0.000294298397070     0.000000000000000     0.000000000000000
    -0.000000000000000    -0.000294298397070     0.000000000000000
     0.000000000000000     0.000000000000000     0.000762939568268
6 123
    -0.000294298397070     0.000000000000000     0.000000000000000
    -0.000000000000000    -0.000294298397070     0.000000000000000
     0.000000000000000     0.000000000000000     0.000712842250409
6 124
    -0.000695577913118     0.000000000000000     0.000000000000000
    -0.000000000000000    -0.000695577913118     0.000000000000000
     0.000000000000000     0.000000000000000     0.000737890909339
6 125
    -0.000695577913118    -0.000000000000000    -0.000000000000000
     0.000000000000000    -0.000695577913118    -0.000000000000000
     0.000000000000000     0.000000000000000     0.034929310347916
6 126
    -0.000294298397070    -0.000000000000000    -0.000000000000000
     0.000000000000000    -0.000294298397070    -0.000000000000000
    -0.000000000000000    -0.000000000000000    -0.040892980231258
6 127
     0.000508260635027    -0.000000000000000     0.000000000000000
     0.000000000000000     0.000508260635027    -0.000000000000000
    -0.000000000000000    -0.000000000000000    -0.000564639354988
6 128
     0.000508260635027    -0.000000000000000    -0.000000000000000
     0.000000000000000     0.000508260635027    -0.000000000000000
    -0.000000000000000    -0.000000000000000    -0.000489493378200
6 129
     0.000508260635027    -0.000000000000000    -0.000000000000000
     0.000000000000000     0.000508260635027     0.000000000000000
    -0.000000000000000    -0.000000000000000    -0.000589688013917
6 130
    -0.000695577913118    -0.000000000000000    -0.000000000000000
     0.000000000000000    -0.000695577913118     0.000000000000000
    -0.000000000000000    -0.000000000000000    -0.040842882913399
6 131
    -0.000695577913118     0.000000000000000    -0.000000000000000
    -0.000000000000000    -0.000695577913118    -0.000000000000000
     0.000000000000000    -0.000000000000000     0.035630672797938
6 132
     0.000106981118978     0.000000000000000     0.000000000000000
    -0.000000000000000     0.000106981118978     0.000000000000000
    -0.000000000000000    -0.000000000000000     0.000737890909339
6 133
     0.000106981118978    -0.000000000000000     0.000000000000000
     0.000000000000000     0.000106981118978    -0.000000000000000
     0.000000000000000    -0.000000000000000     0.000662744932551
6 134
    -0.000695577913118    -0.000000000000000     0.000000000000000
     0.000000000000000    -0.000695577913118    -0.000000000000000
     0.000000000000000    -0.000000000000000     0.000762939568268
6 135
    -0.000695577913118    -0.000000000000000    -0.000000000000000
     0.000000000000000    -0.000695577913118    -0.000000000000000
     0.000000000000000    -0.000000000000000     0.047353445176878
6 136
    -0.000294298397070     0.000000000000000     0.000000000000000
    -0.000000000000000    -0.000294298397070     0.000000000000000
    -0.000000000000000    -0.000000000000000    -0.030247300186280
6 137
     0.000508260635027     0.000000000000000    -0.000000000000000
    -0.000000000000000     0.000508260635027    -0.000000000000000
    -0.000000000000000    -0.000000000000000    -0.000489493378200
6 138
     0.000508260635027    -0.000000000000000    -0.000000000000000
     0.000000000000000     0.000508260635027     0.000000000000000
    -0.000000000000000    -0.000000000000000    -0.000414347401412
6 139
     0.000106981118978     0.000000000000000    -0.000000000000000
    -0.000000000000000     0.000106981118978    -0.000000000000000
    -0.000000000000000    -0.000000000000000    -0.000539590696059
6 140
     0.000106981118978    -0.000000000000000    -0.000000000000000
     0.000000000000000     0.000106981118978     0.000000000000000
    -0.000000000000000    -0.000000000000000    -0.055646640340651
6 141
    -0.000695577913118     0.000000000000000    -0.000000000000000
    -0.000000000000000    -0.000695577913118     0.000000000000000
     0.000000000000000     0.000000000000000     0.026613155583368
6 142
     0.000106981118978     0.000000000000000    -0.000000000000000
    -0.000000000000000     0.000106981118978     0.000000000000000
     0.000000000000000     0.000000000000000     0.000762939568268
6 143
     0.000106981118978    -0.000000000000000     0.000000000000000
     0.000000000000000     0.000106981118978    -0.000000000000000
     0.000000000000000     0.000000000000000     0.000687793591480
6 144
    -0.000294298397070    -0.000000000000000     0.000000000000000
     0.000000000000000    -0.000294298397070    -0.000000000000000
     0.000000000000000     0.000000000000000     0.000813036886127
6 145
    -0.000294298397070     0.000000000000000    -0.000000000000000
    -0.000000000000000    -0.000294298397070     0.000000000000000
     0.000000000000000     0.000000000000000     0.064737214473854
6 146
    -0.000294298397070    -0.000000000000000    -0.000000000000000
     0.000000000000000    -0.000294298397070    -0.000000000000000
    -0.000000000000000     0.000000000000000    -0.022557361894966
6 147
     0.000106981118978    -0.000000000000000    -0.000000000000000
     0.000000000000000     0.000106981118978    -0.000000000000000
    -0.000000000000000     0.000000000000000    -0.000564639354988
6 148
    -0.000294298397070    -0.000000000000000     0.000000000000000
     0.000000000000000    -0.000294298397070     0.000000000000000
    -0.000000000000000     0.000000000000000    -0.000489493378200
6 149
     0.000106981118978    -0.000000000000000    -0.000000000000000
     0.000000000000000     0.000106981118978    -0.000000000000000
    -0.000000000000000     0.000000000000000    -0.000589688013917
6 150
    -0.000695577913118     0.000000000000000    -0.000000000000000
    -0.000000000000000    -0.000695577913118     0.000000000000000
    -0.000000000000000     0.000000000000000    -0.076712562500243
6 151
    -0.000695577913118     0.000000000000000     0.000000000000000
    -0.000000000000000    -0.000695577913118    -0.000000000000000
     0.000000000000000     0.000000000000000     0.020025358284946
6 152
    -0.000294298397070     0.000000000000000     0.000000000000000
    -0.000000000000000    -0.000294298397070     0.000000000000000
     0.000000000000000     0.000000000000000     0.000737890909339
6 153
    -0.000294298397070     0.000000000000000     0.000000000000000
    -0.000000000000000    -0.000294298397070     0.000000000000000
     0.000000000000000     0.000000000000000     0.000687793591480
6 154
    -0.000294298397070     0.000000000000000     0.000000000000000
    -0.000000000000000    -0.000294298397070     0.000000000000000
     0.000000000000000     0.000000000000000     0.000813036886127
6 155
     0.000106981118978     0.000000000000000    -0.000000000000000
    -0.000000000000000     0.000106981118978     0.000000000000000
     0.000000000000000     0.000000000000000     0.089760824744285
6 156
     0.000106981118978    -0.000000000000000    -0.000000000000000
     0.000000000000000     0.000106981118978    -0.000000000000000
    -0.000000000000000    -0.000000000000000    -0.017021608271578
6 157
     0.000508260635027    -0.000000000000000    -0.000000000000000
     0.000000000000000     0.000508260635027     0.000000000000000
    -0.000000000000000    -0.000000000000000    -0.000539590696059
6 158
     0.000508260635027    -0.000000000000000    -0.000000000000000
     0.000000000000000     0.000508260635027    -0.000000000000000
    -0.000000000000000    -0.000000000000000    -0.000489493378200
6 159
     0.000508260635027    -0.000000000000000    -0.000000000000000
     0.000000000000000     0.000508260635027    -0.000000000000000
    -0.000000000000000    -0.000000000000000    -0.000639785331776
6 160
    -0.000294298397070     0.000000000000000    -0.000000000000000
    -0.000000000000000    -0.000294298397070     0.000000000000000
    -0.000000000000000     0.000000000000000    -0.107071537122628
6 161
     0.000106981118978     0.000000000000000    -0.000000000000000
    -0.000000000000000     0.000106981118978    -0.000000000000000
     0.000000000000000     0.000000000000000     0.015190967111580
6 162
    -0.000294298397070     0.000000000000000     0.000000000000000
    -0.000000000000000    -0.000294298397070    -0.000000000000000
    -0.000000000000000    -0.000000000000000     0.000712842250409
6 163
     0.000106981118978    -0.000000000000000     0.000000000000000
     0.000000000000000     0.000106981118978     0.000000000000000
     0.000000000000000    -0.000000000000000     0.000687793591480
6 164
    -0.000695577913118    -0.000000000000000     0.000000000000000
     0.000000000000000    -0.000695577913118    -0.000000000000000
     0.000000000000000    -0.000000000000000     0.000863134203986
6 165
     0.000106981118978     0.000000000000000     0.000000000000000
    -0.000000000000000     0.000106981118978     0.000000000000000
     0.000000000000000    -0.000000000000000     0.126131477509716
6 166
     0.000508260635027    -0.000000000000000     0.000000000000000
     0.000000000000000     0.000508260635027    -0.000000000000000
    -0.000000000000000    -0.000000000000000    -0.012963725525021
6 167
     0.000508260635027     0.000000000000000    -0.000000000000000
    -0.000000000000000     0.000508260635027     0.000000000000000
    -0.000000000000000    -0.000000000000000    -0.000439396060341
6 168
     0.000508260635027     0.000000000000000    -0.000000000000000
    -0.000000000000000     0.000508260635027     0.000000000000000
    -0.000000000000000    -0.000000000000000    -0.000414347401412
6 169
     0.000508260635027    -0.000000000000000    -0.000000000000000
     0.000000000000000     0.000508260635027    -0.000000000000000
    -0.000000000000000    -0.000000000000000    -0.000639785331776
6 170
    -0.001096857429167    -0.000000000000000     0.000000000000000
     0.000000000000000    -0.001096857429167    -0.000000000000000
    -0.000000000000000    -0.000000000000000    -0.151933685265112
6 171
    -0.000695577913118    -0.000000000000000     0.000000000000000
     0.000000000000000    -0.000695577913118    -0.000000000000000
     0.000000000000000     0.000000000000000     0.011659106202540
6 172
     0.000106981118978     0.000000000000000    -0.000000000000000
    -0.000000000000000     0.000106981118978     0.000000000000000
     0.000000000000000     0.000000000000000     0.000712842250409
6 173
    -0.000294298397070    -0.000000000000000    -0.000000000000000
     0.000000000000000    -0.000294298397070    -0.000000000000000
     0.000000000000000     0.000000000000000     0.000712842250409
6 174
    -0.000294298397070     0.000000000000000     0.000000000000000
    -0.000000000000000    -0.000294298397070    -0.000000000000000
     0.000000000000000     0.000000000000000     0.000913231521844
6 175
    -0.000695577913118     0.000000000000000     0.000000000000000
    -0.000000000000000    -0.000695577913118    -0.000000000000000
     0.000000000000000     0.000000000000000     0.180612310681075
6 176
     0.000106981118978    -0.000000000000000    -0.000000000000000
     0.000000000000000     0.000106981118978    -0.000000000000000
    -0.000000000000000     0.000000000000000    -0.009857691817781
6 177
     0.000106981118978    -0.000000000000000     0.000000000000000
     0.000000000000000     0.000106981118978    -0.000000000000000
    -0.000000000000000     0.000000000000000    -0.000514542037129
6 178
    -0.000294298397070    -0.000000000000000     0.000000000000000
     0.000000000000000    -0.000294298397070     0.000000000000000
    -0.000000000000000     0.000000000000000    -0.000489493378200
6 179
    -0.000294298397070    -0.000000000000000    -0.000000000000000
     0.000000000000000    -0.000294298397070     0.000000000000000
    -0.000000000000000     0.000000000000000    -0.000739979967493
6 180
    -0.000695577913118    -0.000000000000000     0.000000000000000
     0.000000000000000    -0.000695577913118    -0.000000000000000
    -0.000000000000000     0.000000000000000    -0.219965842917255
6 181
    -0.000695577913118     0.000000000000000     0.000000000000000
    -0.000000000000000    -0.000695577913118     0.000000000000000
     0.000000000000000     0.000000000000000     0.009003948356028
6 182
    -0.000294298397070     0.000000000000000     0.000000000000000
    -0.000000000000000    -0.000294298397070    -0.000000000000000
     0.000000000000000     0.000000000000000     0.000712842250409
6 183
    -0.000294298397070     0.000000000000000     0.000000000000000
    -0.000000000000000    -0.000294298397070     0.000000000000000
     0.000000000000000     0.000000000000000     0.000687793591480
6 184
    -0.000294298397070     0.000000000000000    -0.000000000000000
    -0.000000000000000    -0.000294298397070    -0.000000000000000
     0.000000000000000     0.000000000000000     0.000963328839703
6 185
    -0.000294298397070     0.000000000000000     0.000000000000000
    -0.000000000000000    -0.000294298397070     0.000000000000000
     0.000000000000000     0.000000000000000     0.264124539551562
6 186
     0.000508260635027    -0.000000000000000    -0.000000000000000
     0.000000000000000     0.000508260635027     0.000000000000000
    -0.000000000000000    -0.000000000000000    -0.007628361173068
6 187
     0.000508260635027    -0.000000000000000    -0.000000000000000
     0.000000000000000     0.000508260635027    -0.000000000000000
    -0.000000000000000    -0.000000000000000    -0.000489493378200
6 188
     0.000508260635027     0.000000000000000    -0.000000000000000
    -0.000000000000000     0.000508260635027    -0.000000000000000
    -0.000000000000000    -0.000000000000000    -0.000489493378200
6 189
     0.000909540151075    -0.000000000000000    -0.000000000000000
     0.000000000000000     0.000909540151075     0.000000000000000
    -0.000000000000000    -0.000000000000000    -0.000790077285352
6 190
    -0.000695577913118    -0.000000000000000    -0.000000000000000
     0.000000000000000    -0.000695577913118    -0.000000000000000
    -0.000000000000000     0.000000000000000    -0.326547886661683
6 191
     0.000106981118978     0.000000000000000     0.000000000000000
    -0.000000000000000     0.000106981118978     0.000000000000000
     0.000000000000000    -0.000000000000000     0.007000055641679
6 192
     0.000106981118978     0.000000000000000     0.000000000000000
    -0.000000000000000     0.000106981118978    -0.000000000000000
    -0.000000000000000    -0.000000000000000     0.000712842250409
6 193
     0.000106981118978    -0.000000000000000     0.000000000000000
     0.000000000000000     0.000106981118978     0.000000000000000
     0.000000000000000    -0.000000000000000     0.000687793591480
6 194
    -0.000695577913118    -0.000000000000000    -0.000000000000000
     0.000000000000000    -0.000695577913118    -0.000000000000000
     0.000000000000000    -0.000000000000000     0.001063523475420
6 195
     0.000508260635027    -0.000000000000000     0.000000000000000
     0.000000000000000     0.000508260635027    -0.000000000000000
     0.000000000000000    -0.000000000000000     0.398134864823640
6 196
     0.000508260635027     0.000000000000000    -0.000000000000000
    -0.000000000000000     0.000508260635027    -0.000000000000000
    -0.000000000000000    -0.000000000000000    -0.005925052365871
6 197
     0.000508260635027     0.000000000000000    -0.000000000000000
    -0.000000000000000     0.000508260635027     0.000000000000000
    -0.000000000000000    -0.000000000000000    -0.000439396060341
6 198
     0.000508260635027     0.000000000000000    -0.000000000000000
    -0.000000000000000     0.000508260635027     0.000000000000000
    -0.000000000000000    -0.000000000000000    -0.000414347401412
6 199
     0.000508260635027    -0.000000000000000     0.000000000000000
     0.000000000000000     0.000508260635027    -0.000000000000000
    -0.000000000000000    -0.000000000000000    -0.000865223262140
6 200
     0.000106981118978     0.000000000000000    -0.000000000000000
    -0.000000000000000     0.000106981118978     0.000000000000000
    -0.000000000000000    -0.000000000000000    -0.502189083074357
6 201
    -0.000695577913118    -0.000000000000000    -0.000000000000000
     0.000000000000000    -0.000695577913118    -0.000000000000000
     0.000000000000000     0.000000000000000     0.005472087446988
6 202
    -0.000294298397070     0.000000000000000    -0.000000000000000
    -0.000000000000000    -0.000294298397070     0.000000000000000
     0.000000000000000     0.000000000000000     0.000712842250409
6 203
    -0.000294298397070    -0.000000000000000    -0.000000000000000
     0.000000000000000    -0.000294298397070    -0.000000000000000
     0.000000000000000     0.000000000000000     0.000712842250409
6 204
    -0.000294298397070     0.000000000000000     0.000000000000000
    -0.000000000000000    -0.000294298397070    -0.000000000000000
     0.000000000000000     0.000000000000000     0.001163718111138
6 205
    -0.001899416461263    -0.000000000000000    -0.000000000000000
     0.000000000000000    -0.001899416461263     0.000000000000000
     0.000000000000000     0.000000000000000     0.625551639243302
6 206
     0.000106981118978    -0.000000000000000     0.000000000000000
     0.000000000000000     0.000106981118978     0.000000000000000
    -0.000000000000000     0.000000000000000    -0.004722716737262
6 207
    -0.000294298397070    -0.000000000000000     0.000000000000000
     0.000000000000000    -0.000294298397070     0.000000000000000
    -0.000000000000000     0.000000000000000    -0.000489493378200
6 208
     0.000106981118978    -0.000000000000000     0.000000000000000
     0.000000000000000     0.000106981118978     0.000000000000000
    -0.000000000000000     0.000000000000000    -0.000489493378200
6 209
     0.000106981118978    -0.000000000000000    -0.000000000000000
     0.000000000000000     0.000106981118978    -0.000000000000000
    -0.000000000000000     0.000000000000000    -0.000990466556787
6 210
    -0.001096857429167    -0.000000000000000     0.000000000000000
     0.000000000000000    -0.001096857429167     0.000000000000000
    -0.000000000000000     0.000000000000000    -0.812717307821637
6 211
    -0.000695577913118     0.000000000000000     0.000000000000000
    -0.000000000000000    -0.000695577913118     0.000000000000000
     0.000000000000000     0.000000000000000     0.004394995113025
6 212
    -0.000294298397070     0.000000000000000     0.000000000000000
    -0.000000000000000    -0.000294298397070     0.000000000000000
     0.000000000000000     0.000000000000000     0.000712842250409
6 213
    -0.000294298397070     0.000000000000000     0.000000000000000
    -0.000000000000000    -0.000294298397070     0.000000000000000
     0.000000000000000     0.000000000000000     0.000687793591480
6 214
    -0.000695577913118     0.000000000000000     0.000000000000000
    -0.000000000000000    -0.000695577913118    -0.000000000000000
     0.000000000000000     0.000000000000000     0.001263912746855
6 215
    -0.001096857429167     0.000000000000000     0.000000000000000
    -0.000000000000000    -0.001096857429167    -0.000000000000000
     0.000000000000000     0.000000000000000     1.045492406194027
6 216
     0.000909540151075    -0.000000000000000     0.000000000000000
     0.000000000000000     0.000909540151075     0.000000000000000
    -0.000000000000000    -0.000000000000000    -0.003695721721158
6 217
     0.000508260635027    -0.000000000000000    -0.000000000000000
     0.000000000000000     0.000508260635027    -0.000000000000000
    -0.000000000000000    -0.000000000000000    -0.000489493378200
6 218
     0.000508260635027    -0.000000000000000     0.000000000000000
     0.000000000000000     0.000508260635027    -0.000000000000000
    -0.000000000000000    -0.000000000000000    -0.000464444719271
6 219
     0.000508260635027    -0.000000000000000     0.000000000000000
     0.000000000000000     0.000508260635027     0.000000000000000
    -0.000000000000000    -0.000000000000000    -0.001140758510363
6 220
    -0.003504534525457     0.000000000000000     0.000000000000000
    -0.000000000000000    -0.003504534525457    -0.000000000000000
     0.000000000000000     0.000000000000000    -1.424029828992674
6 221
     0.000106981118978    -0.000000000000000    -0.000000000000000
     0.000000000000000     0.000106981118978     0.000000000000000
     0.000000000000000    -0.000000000000000     0.003543340709427
6 222
     0.000106981118978    -0.000000000000000     0.000000000000000
     0.000000000000000     0.000106981118978     0.000000000000000
     0.000000000000000    -0.000000000000000     0.000687793591480
6 223
     0.000106981118978    -0.000000000000000     0.000000000000000
     0.000000000000000     0.000106981118978    -0.000000000000000
     0.000000000000000    -0.000000000000000     0.000662744932551
6 224
    -0.000294298397070    -0.000000000000000     0.000000000000000
     0.000000000000000    -0.000294298397070     0.000000000000000
     0.000000000000000    -0.000000000000000     0.001489350677220
6 225
    -0.017148038071101     0.000000000000000     0.000000000000000
    -0.000000000000000    -0.017148038071101    -0.000000000000000
    -0.000000000000000     0.000000000000000     1.939378848747178
6 226
     0.000106981118978    -0.000000000000000     0.000000000000000
     0.000000000000000     0.000106981118978     0.000000000000000
    -0.000000000000000    -0.000000000000000    -0.002944261953277
6 227
     0.000508260635027     0.000000000000000    -0.000000000000000
    -0.000000000000000     0.000508260635027     0.000000000000000
    -0.000000000000000    -0.000000000000000    -0.000439396060341
6 228
     0.000508260635027     0.000000000000000    -0.000000000000000
    -0.000000000000000     0.000508260635027     0.000000000000000
    -0.000000000000000    -0.000000000000000    -0.000439396060341
6 229
     0.000106981118978    -0.000000000000000    -0.000000000000000
     0.000000000000000     0.000106981118978    -0.000000000000000
    -0.000000000000000    -0.000000000000000    -0.001316099122869
6 230
     0.024585031597928     0.000000000000000     0.000000000000001
    -0.000000000000000     0.024585031597928    -0.000000000000001
     0.000000000000000    -0.000000000000000    -2.906309269796499
6 231
    -0.000695577913118     0.000000000000000    -0.000000000000000
    -0.000000000000000    -0.000695577913118     0.000000000000000
     0.000000000000000     0.000000000000000     0.002892075577264
6 232
    -0.000294298397070     0.000000000000000     0.000000000000000
    -0.000000000000000    -0.000294298397070     0.000000000000000
     0.000000000000000     0.000000000000000     0.000687793591480
6 233
     0.000106981118978    -0.000000000000000    -0.000000000000000
     0.000000000000000     0.000106981118978    -0.000000000000000
     0.000000000000000     0.000000000000000     0.000712842250409
6 234
     0.000106981118978     0.000000000000000     0.000000000000000
    -0.000000000000000     0.000106981118978     0.000000000000000
     0.000000000000000     0.000000000000000     0.001664691289725
6 235
     0.213988963172749    -0.000000000000000     0.000000000000002
     0.000000000000000     0.213988963172749     0.000000000000000
     0.000000000000000    -0.000000000000000     4.454965567704973
6 236
     0.000106981118978    -0.000000000000000    -0.000000000000000
     0.000000000000000     0.000106981118978     0.000000000000000
    -0.000000000000000    -0.000000000000000    -0.002393191456831
6 237
    -0.000294298397070    -0.000000000000000     0.000000000000000
     0.000000000000000    -0.000294298397070     0.000000000000000
    -0.000000000000000     0.000000000000000    -0.000464444719271
6 238
     0.000508260635027    -0.000000000000000     0.000000000000000
     0.000000000000000     0.000508260635027     0.000000000000000
    -0.000000000000000    -0.000000000000000    -0.000464444719271
6 239
     0.000508260635027    -0.000000000000000    -0.000000000000000
     0.000000000000000     0.000508260635027    -0.000000000000000
    -0.000000000000000    -0.000000000000000    -0.001591634371092
6 240
    -0.191704627552133     0.000000000000000    -0.000000000000001
    -0.000000000000000    -0.191704627552133    -0.000000000000002
    -0.000000000000000     0.000000000000000    -8.199692069384632