# EIG2DOS: Utility for SIESTA to obtain the electronic density of states
#  E. Artacho, Apr 1999, A. Garcia, Apr 2012
# ------------------------------------------
# Eigenvalues read from siesta.EIG
# Using smearing parameter:   0.100
# Using   1001 points in energy range
# Selected bands: 1 to: 8
# Emin, emax in file for selected band(s):    -27.5573400     16.3413800
# Nbands, Nspin, Nk   =      8     1 20000
# E_F                 =    -7.3505 eV --> (shifted to ZERO)
# Broadening          =     0.1000 eV
#
#        E            N(up)  (=)   N(down)         Ntot
    -20.000000      0.140641      0.140641      0.281282
    -19.975000      0.140905      0.140905      0.281810
    -19.950000      0.141055      0.141055      0.282111
    -19.925000      0.141168      0.141168      0.282336
    -19.900000      0.141270      0.141270      0.282539
    -19.875000      0.141369      0.141369      0.282737
    -19.850000      0.141467      0.141467      0.282935
    -19.825000      0.141566      0.141566      0.283132
    -19.800000      0.141665      0.141665      0.283331
    -19.775000      0.141765      0.141765      0.283530
    -19.750000      0.141865      0.141865      0.283730
    -19.725000      0.141966      0.141966      0.283931
    -19.700000      0.142066      0.142066      0.284133
    -19.675000      0.142168      0.142168      0.284335
    -19.650000      0.142269      0.142269      0.284538
    -19.625000      0.142371      0.142371      0.284742
    -19.600000      0.142474      0.142474      0.284947
    -19.575000      0.142577      0.142577      0.285153
    -19.550000      0.142680      0.142680      0.285360
    -19.525000      0.142784      0.142784      0.285568
    -19.500000      0.142889      0.142889      0.285777
    -19.475000      0.142994      0.142994      0.285988
    -19.450000      0.143099      0.143099      0.286199
    -19.425000      0.143205      0.143205      0.286411
    -19.400000      0.143312      0.143312      0.286623
    -19.375000      0.143419      0.143419      0.286837
    -19.350000      0.143526      0.143526      0.287053
    -19.325000      0.143635      0.143635      0.287269
    -19.300000      0.143743      0.143743      0.287487
    -19.275000      0.143853      0.143853      0.287705
    -19.250000      0.143963      0.143963      0.287925
    -19.225000      0.144073      0.144073      0.288146
    -19.200000      0.144184      0.144184      0.288368
    -19.175000      0.144296      0.144296      0.288591
    -19.150000      0.144408      0.144408      0.288816
    -19.125000      0.144521      0.144521      0.289042
    -19.100000      0.144634      0.144634      0.289269
    -19.075000      0.144749      0.144749      0.289497
    -19.050000      0.144864      0.144864      0.289727
    -19.025000      0.144979      0.144979      0.289958
    -19.000000      0.145095      0.145095      0.290190
    -18.975000      0.145212      0.145212      0.290424
    -18.950000      0.145330      0.145330      0.290659
    -18.925000      0.145448      0.145448      0.290896
    -18.900000      0.145567      0.145567      0.291134
    -18.875000      0.145687      0.145687      0.291374
    -18.850000      0.145808      0.145808      0.291615
    -18.825000      0.145929      0.145929      0.291858
    -18.800000      0.146051      0.146051      0.292102
    -18.775000      0.146174      0.146174      0.292347
    -18.750000      0.146297      0.146297      0.292594
    -18.725000      0.146421      0.146421      0.292843
    -18.700000      0.146546      0.146546      0.293093
    -18.675000      0.146672      0.146672      0.293345
    -18.650000      0.146799      0.146799      0.293598
    -18.625000      0.146927      0.146927      0.293854
    -18.600000      0.147056      0.147056      0.294111
    -18.575000      0.147185      0.147185      0.294370
    -18.550000      0.147315      0.147315      0.294631
    -18.525000      0.147446      0.147446      0.294893
    -18.500000      0.147578      0.147578      0.295157
    -18.475000      0.147711      0.147711      0.295422
    -18.450000      0.147845      0.147845      0.295690
    -18.425000      0.147980      0.147980      0.295959
    -18.400000      0.148115      0.148115      0.296231
    -18.375000      0.148252      0.148252      0.296504
    -18.350000      0.148390      0.148390      0.296780
    -18.325000      0.148529      0.148529      0.297057
    -18.300000      0.148668      0.148668      0.297337
    -18.275000      0.148809      0.148809      0.297618
    -18.250000      0.148951      0.148951      0.297901
    -18.225000      0.149093      0.149093      0.298187
    -18.200000      0.149237      0.149237      0.298475
    -18.175000      0.149382      0.149382      0.298764
    -18.150000      0.149528      0.149528      0.299056
    -18.125000      0.149675      0.149675      0.299350
    -18.100000      0.149823      0.149823      0.299647
    -18.075000      0.149973      0.149973      0.299945
    -18.050000      0.150123      0.150123      0.300246
    -18.025000      0.150275      0.150275      0.300549
    -18.000000      0.150428      0.150428      0.300855
    -17.975000      0.150582      0.150582      0.301163
    -17.950000      0.150737      0.150737      0.301474
    -17.925000      0.150894      0.150894      0.301788
    -17.900000      0.151052      0.151052      0.302104
    -17.875000      0.151211      0.151211      0.302423
    -17.850000      0.151372      0.151372      0.302744
    -17.825000      0.151534      0.151534      0.303068
    -17.800000      0.151698      0.151698      0.303395
    -17.775000      0.151862      0.151862      0.303725
    -17.750000      0.152029      0.152029      0.304057
    -17.725000      0.152196      0.152196      0.304392
    -17.700000      0.152365      0.152365      0.304731
    -17.675000      0.152536      0.152536      0.305072
    -17.650000      0.152708      0.152708      0.305417
    -17.625000      0.152882      0.152882      0.305765
    -17.600000      0.153058      0.153058      0.306116
    -17.575000      0.153235      0.153235      0.306470
    -17.550000      0.153414      0.153414      0.306827
    -17.525000      0.153594      0.153594      0.307188
    -17.500000      0.153776      0.153776      0.307553
    -17.475000      0.153960      0.153960      0.307921
    -17.450000      0.154146      0.154146      0.308293
    -17.425000      0.154334      0.154334      0.308668
    -17.400000      0.154524      0.154524      0.309048
    -17.375000      0.154715      0.154715      0.309431
    -17.350000      0.154909      0.154909      0.309818
    -17.325000      0.155105      0.155105      0.310209
    -17.300000      0.155302      0.155302      0.310605
    -17.275000      0.155502      0.155502      0.311005
    -17.250000      0.155704      0.155704      0.311409
    -17.225000      0.155909      0.155909      0.311818
    -17.200000      0.156116      0.156116      0.312231
    -17.175000      0.156325      0.156325      0.312649
    -17.150000      0.156536      0.156536      0.313072
    -17.125000      0.156750      0.156750      0.313501
    -17.100000      0.156967      0.156967      0.313934
    -17.075000      0.157186      0.157186      0.314372
    -17.050000      0.157408      0.157408      0.314816
    -17.025000      0.157633      0.157633      0.315265
    -17.000000      0.157860      0.157860      0.315720
    -16.975000      0.158090      0.158090      0.316180
    -16.950000      0.158324      0.158324      0.316647
    -16.925000      0.158560      0.158560      0.317120
    -16.900000      0.158800      0.158800      0.317600
    -16.875000      0.159043      0.159043      0.318086
    -16.850000      0.159290      0.159290      0.318579
    -16.825000      0.159540      0.159540      0.319080
    -16.800000      0.159794      0.159794      0.319587
    -16.775000      0.160051      0.160051      0.320102
    -16.750000      0.160313      0.160313      0.320625
    -16.725000      0.160578      0.160578      0.321156
    -16.700000      0.160848      0.160848      0.321695
    -16.675000      0.161122      0.161122      0.322243
    -16.650000      0.161400      0.161400      0.322800
    -16.625000      0.161683      0.161683      0.323366
    -16.600000      0.161971      0.161971      0.323942
    -16.575000      0.162264      0.162264      0.324527
    -16.550000      0.162562      0.162562      0.325123
    -16.525000      0.162865      0.162865      0.325730
    -16.500000      0.163174      0.163174      0.326347
    -16.475000      0.163488      0.163488      0.326977
    -16.450000      0.163809      0.163809      0.327618
    -16.425000      0.164136      0.164136      0.328272
    -16.400000      0.164470      0.164470      0.328940
    -16.375000      0.164810      0.164810      0.329621
    -16.350000      0.165158      0.165158      0.330316
    -16.325000      0.165513      0.165513      0.331027
    -16.300000      0.165876      0.165876      0.331753
    -16.275000      0.166248      0.166248      0.332495
    -16.250000      0.166627      0.166627      0.333255
    -16.225000      0.167016      0.167016      0.334033
    -16.200000      0.167415      0.167415      0.334830
    -16.175000      0.167823      0.167823      0.335646
    -16.150000      0.168242      0.168242      0.336484
    -16.125000      0.168672      0.168672      0.337344
    -16.100000      0.169113      0.169113      0.338227
    -16.075000      0.169567      0.169567      0.339134
    -16.050000      0.170034      0.170034      0.340068
    -16.025000      0.170515      0.170515      0.341030
    -16.000000      0.171010      0.171010      0.342021
    -15.975000      0.171521      0.171521      0.343043
    -15.950000      0.172049      0.172049      0.344097
    -15.925000      0.172594      0.172594      0.345187
    -15.900000      0.173157      0.173157      0.346315
    -15.875000      0.173741      0.173741      0.347482
    -15.850000      0.174346      0.174346      0.348692
    -15.825000      0.174974      0.174974      0.349947
    -15.800000      0.175626      0.175626      0.351252
    -15.775000      0.176305      0.176305      0.352610
    -15.750000      0.177013      0.177013      0.354025
    -15.725000      0.177751      0.177751      0.355502
    -15.700000      0.178523      0.178523      0.357046
    -15.675000      0.179332      0.179332      0.358663
    -15.650000      0.180180      0.180180      0.360360
    -15.625000      0.181071      0.181071      0.362143
    -15.600000      0.182010      0.182010      0.364021
    -15.575000      0.183002      0.183002      0.366004
    -15.550000      0.184051      0.184051      0.368102
    -15.525000      0.185164      0.185164      0.370328
    -15.500000      0.186349      0.186349      0.372697
    -15.475000      0.187613      0.187613      0.375226
    -15.450000      0.188968      0.188968      0.377936
    -15.425000      0.190426      0.190426      0.380851
    -15.400000      0.192000      0.192000      0.384001
    -15.375000      0.193710      0.193710      0.387421
    -15.350000      0.195578      0.195578      0.391156
    -15.325000      0.197632      0.197632      0.395263
    -15.300000      0.199908      0.199908      0.399817
    -15.275000      0.202458      0.202458      0.404916
    -15.250000      0.205351      0.205351      0.410703
    -15.225000      0.208690      0.208690      0.417381
    -15.200000      0.212626      0.212626      0.425253
    -15.175000      0.217373      0.217373      0.434745
    -15.150000      0.223195      0.223195      0.446391
    -15.125000      0.230345      0.230345      0.460689
    -15.100000      0.238887      0.238887      0.477774
    -15.075000      0.248457      0.248457      0.496914
    -15.050000      0.258045      0.258045      0.516090
    -15.025000      0.266006      0.266006      0.532012
    -15.000000      0.270450      0.270450      0.540900
    -14.975000      0.269916      0.269916      0.539832
    -14.950000      0.264008      0.264008      0.528015
    -14.925000      0.253585      0.253585      0.507169
    -14.900000      0.240392      0.240392      0.480784
    -14.875000      0.226360      0.226360      0.452720
    -14.850000      0.212984      0.212984      0.425968
    -14.825000      0.201060      0.201060      0.402119
    -14.800000      0.190769      0.190769      0.381537
    -14.775000      0.181934      0.181934      0.363869
    -14.750000      0.174258      0.174258      0.348517
    -14.725000      0.167461      0.167461      0.334922
    -14.700000      0.161328      0.161328      0.322656
    -14.675000      0.155709      0.155709      0.311419
    -14.650000      0.150502      0.150502      0.301004
    -14.625000      0.145632      0.145632      0.291265
    -14.600000      0.141048      0.141048      0.282096
    -14.575000      0.136708      0.136708      0.273416
    -14.550000      0.132580      0.132580      0.265161
    -14.525000      0.128639      0.128639      0.257279
    -14.500000      0.124864      0.124864      0.249727
    -14.475000      0.121236      0.121236      0.242472
    -14.450000      0.117741      0.117741      0.235482
    -14.425000      0.114366      0.114366      0.228732
    -14.400000      0.111100      0.111100      0.222201
    -14.375000      0.107934      0.107934      0.215868
    -14.350000      0.104858      0.104858      0.209716
    -14.325000      0.101866      0.101866      0.203731
    -14.300000      0.098950      0.098950      0.197899
    -14.275000      0.096105      0.096105      0.192209
    -14.250000      0.093325      0.093325      0.186649
    -14.225000      0.090605      0.090605      0.181210
    -14.200000      0.087942      0.087942      0.175883
    -14.175000      0.085330      0.085330      0.170660
    -14.150000      0.082767      0.082767      0.165534
    -14.125000      0.080248      0.080248      0.160496
    -14.100000      0.077771      0.077771      0.155542
    -14.075000      0.075332      0.075332      0.150664
    -14.050000      0.072929      0.072929      0.145857
    -14.025000      0.070558      0.070558      0.141116
    -14.000000      0.068218      0.068218      0.136436
    -13.975000      0.065906      0.065906      0.131812
    -13.950000      0.063619      0.063619      0.127239
    -13.925000      0.061356      0.061356      0.122712
    -13.900000      0.059114      0.059114      0.118227
    -13.875000      0.056891      0.056891      0.113781
    -13.850000      0.054684      0.054684      0.109368
    -13.825000      0.052493      0.052493      0.104985
    -13.800000      0.050313      0.050313      0.100627
    -13.775000      0.048145      0.048145      0.096290
    -13.750000      0.045985      0.045985      0.091969
    -13.725000      0.043832      0.043832      0.087663
    -13.700000      0.041687      0.041687      0.083373
    -13.675000      0.039560      0.039560      0.079120
    -13.650000      0.037487      0.037487      0.074973
    -13.625000      0.035569      0.035569      0.071139
    -13.600000      0.034052      0.034052      0.068103
    -13.575000      0.033426      0.033426      0.066852
    -13.550000      0.034523      0.034523      0.069046
    -13.525000      0.038485      0.038485      0.076969
    -13.500000      0.046502      0.046502      0.093005
    -13.475000      0.059311      0.059311      0.118621
    -13.450000      0.076638      0.076638      0.153276
    -13.425000      0.096966      0.096966      0.193932
    -13.400000      0.117866      0.117866      0.235732
    -13.375000      0.136824      0.136824      0.273648
    -13.350000      0.152121      0.152121      0.304242
    -13.325000      0.163295      0.163295      0.326589
    -13.300000      0.170998      0.170998      0.341997
    -13.275000      0.176477      0.176477      0.352954
    -13.250000      0.181005      0.181005      0.362009
    -13.225000      0.185542      0.185542      0.371084
    -13.200000      0.190655      0.190655      0.381310
    -13.175000      0.196605      0.196605      0.393211
    -13.150000      0.203504      0.203504      0.407009
    -13.125000      0.211451      0.211451      0.422902
    -13.100000      0.220617      0.220617      0.441233
    -13.075000      0.231249      0.231249      0.462499
    -13.050000      0.243568      0.243568      0.487137
    -13.025000      0.257533      0.257533      0.515065
    -13.000000      0.272539      0.272539      0.545078
    -12.975000      0.287217      0.287217      0.574433
    -12.950000      0.299550      0.299550      0.599099
    -12.925000      0.307426      0.307426      0.614851
    -12.900000      0.309435      0.309435      0.618870
    -12.875000      0.305482      0.305482      0.610965
    -12.850000      0.296824      0.296824      0.593648
    -12.825000      0.285512      0.285512      0.571024
    -12.800000      0.273597      0.273597      0.547194
    -12.775000      0.262531      0.262531      0.525061
    -12.750000      0.252993      0.252993      0.505986
    -12.725000      0.245063      0.245063      0.490126
    -12.700000      0.238507      0.238507      0.477013
    -12.675000      0.233009      0.233009      0.466018
    -12.650000      0.228296      0.228296      0.456592
    -12.625000      0.224166      0.224166      0.448333
    -12.600000      0.220482      0.220482      0.440964
    -12.575000      0.217148      0.217148      0.434296
    -12.550000      0.214098      0.214098      0.428197
    -12.525000      0.211285      0.211285      0.422570
    -12.500000      0.208672      0.208672      0.417343
    -12.475000      0.206229      0.206229      0.412458
    -12.450000      0.203934      0.203934      0.407869
    -12.425000      0.201770      0.201770      0.403540
    -12.400000      0.199719      0.199719      0.399439
    -12.375000      0.197771      0.197771      0.395541
    -12.350000      0.195913      0.195913      0.391825
    -12.325000      0.194136      0.194136      0.388272
    -12.300000      0.192433      0.192433      0.384867
    -12.275000      0.190797      0.190797      0.381595
    -12.250000      0.189222      0.189222      0.378444
    -12.225000      0.187702      0.187702      0.375405
    -12.200000      0.186234      0.186234      0.372468
    -12.175000      0.184813      0.184813      0.369625
    -12.150000      0.183435      0.183435      0.366870
    -12.125000      0.182097      0.182097      0.364195
    -12.100000      0.180797      0.180797      0.361595
    -12.075000      0.179532      0.179532      0.359065
    -12.050000      0.178300      0.178300      0.356600
    -12.025000      0.177098      0.177098      0.354196
    -12.000000      0.175925      0.175925      0.351850
    -11.975000      0.174778      0.174778      0.349557
    -11.950000      0.173657      0.173657      0.347315
    -11.925000      0.172560      0.172560      0.345120
    -11.900000      0.171485      0.171485      0.342970
    -11.875000      0.170432      0.170432      0.340863
    -11.850000      0.169398      0.169398      0.338796
    -11.825000      0.168384      0.168384      0.336767
    -11.800000      0.167387      0.167387      0.334775
    -11.775000      0.166408      0.166408      0.332817
    -11.750000      0.165446      0.165446      0.330892
    -11.725000      0.164500      0.164500      0.328999
    -11.700000      0.163568      0.163568      0.327136
    -11.675000      0.162651      0.162651      0.325302
    -11.650000      0.161748      0.161748      0.323495
    -11.625000      0.160857      0.160857      0.321715
    -11.600000      0.159980      0.159980      0.319959
    -11.575000      0.159114      0.159114      0.318229
    -11.550000      0.158261      0.158261      0.316521
    -11.525000      0.157418      0.157418      0.314836
    -11.500000      0.156587      0.156587      0.313173
    -11.475000      0.155765      0.155765      0.311531
    -11.450000      0.154954      0.154954      0.309908
    -11.425000      0.154152      0.154152      0.308305
    -11.400000      0.153360      0.153360      0.306720
    -11.375000      0.152577      0.152577      0.305154
    -11.350000      0.151803      0.151803      0.303605
    -11.325000      0.151037      0.151037      0.302074
    -11.300000      0.150279      0.150279      0.300559
    -11.275000      0.149530      0.149530      0.299060
    -11.250000      0.148788      0.148788      0.297576
    -11.225000      0.148054      0.148054      0.296107
    -11.200000      0.147326      0.147326      0.294652
    -11.175000      0.146606      0.146606      0.293211
    -11.150000      0.145892      0.145892      0.291784
    -11.125000      0.145185      0.145185      0.290370
    -11.100000      0.144485      0.144485      0.288970
    -11.075000      0.143791      0.143791      0.287582
    -11.050000      0.143104      0.143104      0.286209
    -11.025000      0.142426      0.142426      0.284853
    -11.000000      0.141765      0.141765      0.283529
    -10.975000      0.141141      0.141141      0.282282
    -10.950000      0.140616      0.140616      0.281231
    -10.925000      0.140322      0.140322      0.280644
    -10.900000      0.140518      0.140518      0.281037
    -10.875000      0.141618      0.141618      0.283236
    -10.850000      0.144153      0.144153      0.288307
    -10.825000      0.148627      0.148627      0.297254
    -10.800000      0.155267      0.155267      0.310534
    -10.775000      0.163802      0.163802      0.327604
    -10.750000      0.173413      0.173413      0.346827
    -10.725000      0.182950      0.182950      0.365901
    -10.700000      0.191325      0.191325      0.382650
    -10.675000      0.197866      0.197866      0.395732
    -10.650000      0.202449      0.202449      0.404897
    -10.625000      0.205380      0.205380      0.410760
    -10.600000      0.207155      0.207155      0.414310
    -10.575000      0.208242      0.208242      0.416483
    -10.550000      0.208978      0.208978      0.417956
    -10.525000      0.209562      0.209562      0.419123
    -10.500000      0.210089      0.210089      0.420178
    -10.475000      0.210601      0.210601      0.421203
    -10.450000      0.211113      0.211113      0.422226
    -10.425000      0.211629      0.211629      0.423258
    -10.400000      0.212150      0.212150      0.424300
    -10.375000      0.212677      0.212677      0.425354
    -10.350000      0.213210      0.213210      0.426420
    -10.325000      0.213749      0.213749      0.427499
    -10.300000      0.214295      0.214295      0.428591
    -10.275000      0.214848      0.214848      0.429695
    -10.250000      0.215407      0.215407      0.430814
    -10.225000      0.215973      0.215973      0.431945
    -10.200000      0.216545      0.216545      0.433091
    -10.175000      0.217125      0.217125      0.434251
    -10.150000      0.217713      0.217713      0.435425
    -10.125000      0.218307      0.218307      0.436614
    -10.100000      0.218909      0.218909      0.437819
    -10.075000      0.219519      0.219519      0.439039
    -10.050000      0.220137      0.220137      0.440274
    -10.025000      0.220763      0.220763      0.441526
    -10.000000      0.221397      0.221397      0.442794
     -9.975000      0.222039      0.222039      0.444079
     -9.950000      0.222690      0.222690      0.445381
     -9.925000      0.223350      0.223350      0.446701
     -9.900000      0.224019      0.224019      0.448039
     -9.875000      0.224698      0.224698      0.449396
     -9.850000      0.225386      0.225386      0.450772
     -9.825000      0.226084      0.226084      0.452168
     -9.800000      0.226792      0.226792      0.453584
     -9.775000      0.227510      0.227510      0.455020
     -9.750000      0.228239      0.228239      0.456478
     -9.725000      0.228979      0.228979      0.457958
     -9.700000      0.229730      0.229730      0.459459
     -9.675000      0.230492      0.230492      0.460984
     -9.650000      0.231266      0.231266      0.462532
     -9.625000      0.232052      0.232052      0.464105
     -9.600000      0.232851      0.232851      0.465702
     -9.575000      0.233662      0.233662      0.467325
     -9.550000      0.234487      0.234487      0.468974
     -9.525000      0.235325      0.235325      0.470650
     -9.500000      0.236177      0.236177      0.472354
     -9.475000      0.237043      0.237043      0.474087
     -9.450000      0.237924      0.237924      0.475849
     -9.425000      0.238821      0.238821      0.477641
     -9.400000      0.239733      0.239733      0.479465
     -9.375000      0.240661      0.240661      0.481322
     -9.350000      0.241606      0.241606      0.483213
     -9.325000      0.242569      0.242569      0.485138
     -9.300000      0.243549      0.243549      0.487099
     -9.275000      0.244548      0.244548      0.489097
     -9.250000      0.245567      0.245567      0.491133
     -9.225000      0.246604      0.246604      0.493209
     -9.200000      0.247663      0.247663      0.495325
     -9.175000      0.248742      0.248742      0.497484
     -9.150000      0.249844      0.249844      0.499687
     -9.125000      0.250968      0.250968      0.501936
     -9.100000      0.252116      0.252116      0.504232
     -9.075000      0.253289      0.253289      0.506577
     -9.050000      0.254487      0.254487      0.508974
     -9.025000      0.255712      0.255712      0.511423
     -9.000000      0.256964      0.256964      0.513928
     -8.975000      0.258245      0.258245      0.516490
     -8.950000      0.259556      0.259556      0.519112
     -8.925000      0.260898      0.260898      0.521797
     -8.900000      0.262274      0.262274      0.524547
     -8.875000      0.263683      0.263683      0.527366
     -8.850000      0.265128      0.265128      0.530255
     -8.825000      0.266610      0.266610      0.533219
     -8.800000      0.268131      0.268131      0.536262
     -8.775000      0.269693      0.269693      0.539386
     -8.750000      0.271298      0.271298      0.542596
     -8.725000      0.272948      0.272948      0.545896
     -8.700000      0.274645      0.274645      0.549290
     -8.675000      0.276393      0.276393      0.552785
     -8.650000      0.278193      0.278193      0.556386
     -8.625000      0.280049      0.280049      0.560098
     -8.600000      0.281964      0.281964      0.563929
     -8.575000      0.283942      0.283942      0.567884
     -8.550000      0.285986      0.285986      0.571972
     -8.525000      0.288101      0.288101      0.576201
     -8.500000      0.290290      0.290290      0.580579
     -8.475000      0.292559      0.292559      0.585118
     -8.450000      0.294914      0.294914      0.589827
     -8.425000      0.297360      0.297360      0.594720
     -8.400000      0.299905      0.299905      0.599810
     -8.375000      0.302556      0.302556      0.605112
     -8.350000      0.305321      0.305321      0.610643
     -8.325000      0.308211      0.308211      0.616421
     -8.300000      0.311234      0.311234      0.622469
     -8.275000      0.314404      0.314404      0.628809
     -8.250000      0.317735      0.317735      0.635470
     -8.225000      0.321242      0.321242      0.642485
     -8.200000      0.324945      0.324945      0.649889
     -8.175000      0.328864      0.328864      0.657728
     -8.150000      0.333026      0.333026      0.666052
     -8.125000      0.337461      0.337461      0.674921
     -8.100000      0.342205      0.342205      0.684409
     -8.075000      0.347303      0.347303      0.694606
     -8.050000      0.352811      0.352811      0.705622
     -8.025000      0.358801      0.358801      0.717603
     -8.000000      0.365368      0.365368      0.730737
     -7.975000      0.372642      0.372642      0.745285
     -7.950000      0.380810      0.380810      0.761620
     -7.925000      0.390144      0.390144      0.780288
     -7.900000      0.401036      0.401036      0.802071
     -7.875000      0.413999      0.413999      0.827998
     -7.850000      0.429583      0.429583      0.859165
     -7.825000      0.448109      0.448109      0.896218
     -7.800000      0.469226      0.469226      0.938452
     -7.775000      0.491421      0.491421      0.982842
     -7.750000      0.511850      0.511850      1.023700
     -7.725000      0.526833      0.526833      1.053666
     -7.700000      0.533039      0.533039      1.066078
     -7.675000      0.528838      0.528838      1.057677
     -7.650000      0.515038      0.515038      1.030076
     -7.625000      0.494518      0.494518      0.989036
     -7.600000      0.471009      0.471009      0.942018
     -7.575000      0.447763      0.447763      0.895527
     -7.550000      0.426783      0.426783      0.853566
     -7.525000      0.408785      0.408785      0.817571
     -7.500000      0.393624      0.393624      0.787249
     -7.475000      0.380784      0.380784      0.761569
     -7.450000      0.369714      0.369714      0.739429
     -7.425000      0.359971      0.359971      0.719941
     -7.400000      0.351237      0.351237      0.702474
     -7.375000      0.343296      0.343296      0.686592
     -7.350000      0.335998      0.335998      0.671997
     -7.325000      0.329237      0.329237      0.658473
     -7.300000      0.322931      0.322931      0.645863
     -7.275000      0.317027      0.317027      0.634055
     -7.250000      0.311498      0.311498      0.622995
     -7.225000      0.306368      0.306368      0.612735
     -7.200000      0.301770      0.301770      0.603540
     -7.175000      0.298031      0.298031      0.596062
     -7.150000      0.295768      0.295768      0.591537
     -7.125000      0.295917      0.295917      0.591834
     -7.100000      0.299577      0.299577      0.599154
     -7.075000      0.307616      0.307616      0.615232
     -7.050000      0.320133      0.320133      0.640266
     -7.025000      0.336083      0.336083      0.672166
     -7.000000      0.353370      0.353370      0.706739
     -6.975000      0.369481      0.369481      0.738963
     -6.950000      0.382356      0.382356      0.764712
     -6.925000      0.390996      0.390996      0.781991
     -6.900000      0.395544      0.395544      0.791088
     -6.875000      0.396896      0.396896      0.793791
     -6.850000      0.396161      0.396161      0.792321
     -6.825000      0.394279      0.394279      0.788558
     -6.800000      0.391874      0.391874      0.783749
     -6.775000      0.389288      0.389288      0.778576
     -6.750000      0.386677      0.386677      0.773354
     -6.725000      0.384100      0.384100      0.768200
     -6.700000      0.381577      0.381577      0.763154
     -6.675000      0.379111      0.379111      0.758222
     -6.650000      0.376701      0.376701      0.753402
     -6.625000      0.374344      0.374344      0.748689
     -6.600000      0.372039      0.372039      0.744079
     -6.575000      0.369784      0.369784      0.739567
     -6.550000      0.367575      0.367575      0.735150
     -6.525000      0.365412      0.365412      0.730823
     -6.500000      0.363292      0.363292      0.726583
     -6.475000      0.361214      0.361214      0.722427
     -6.450000      0.359176      0.359176      0.718351
     -6.425000      0.357177      0.357177      0.714353
     -6.400000      0.355215      0.355215      0.710430
     -6.375000      0.353289      0.353289      0.706578
     -6.350000      0.351398      0.351398      0.702797
     -6.325000      0.349541      0.349541      0.699082
     -6.300000      0.347716      0.347716      0.695433
     -6.275000      0.345923      0.345923      0.691846
     -6.250000      0.344159      0.344159      0.688319
     -6.225000      0.342425      0.342425      0.684851
     -6.200000      0.340720      0.340720      0.681440
     -6.175000      0.339043      0.339043      0.678085
     -6.150000      0.337392      0.337392      0.674784
     -6.125000      0.335768      0.335768      0.671536
     -6.100000      0.334169      0.334169      0.668338
     -6.075000      0.332595      0.332595      0.665191
     -6.050000      0.331046      0.331046      0.662091
     -6.025000      0.329519      0.329519      0.659039
     -6.000000      0.328016      0.328016      0.656032
     -5.975000      0.326535      0.326535      0.653071
     -5.950000      0.325076      0.325076      0.650152
     -5.925000      0.323638      0.323638      0.647277
     -5.900000      0.322221      0.322221      0.644442
     -5.875000      0.320824      0.320824      0.641648
     -5.850000      0.319446      0.319446      0.638893
     -5.825000      0.318088      0.318088      0.636177
     -5.800000      0.316749      0.316749      0.633499
     -5.775000      0.315429      0.315429      0.630858
     -5.750000      0.314127      0.314127      0.628254
     -5.725000      0.312843      0.312843      0.625686
     -5.700000      0.311576      0.311576      0.623152
     -5.675000      0.310327      0.310327      0.620654
     -5.650000      0.309094      0.309094      0.618189
     -5.625000      0.307879      0.307879      0.615757
     -5.600000      0.306679      0.306679      0.613358
     -5.575000      0.305495      0.305495      0.610990
     -5.550000      0.304327      0.304327      0.608654
     -5.525000      0.303174      0.303174      0.606349
     -5.500000      0.302037      0.302037      0.604074
     -5.475000      0.300915      0.300915      0.601830
     -5.450000      0.299807      0.299807      0.599615
     -5.425000      0.298715      0.298715      0.597429
     -5.400000      0.297636      0.297636      0.595272
     -5.375000      0.296571      0.296571      0.593143
     -5.350000      0.295521      0.295521      0.591041
     -5.325000      0.294484      0.294484      0.588968
     -5.300000      0.293461      0.293461      0.586921
     -5.275000      0.292451      0.292451      0.584901
     -5.250000      0.291454      0.291454      0.582908
     -5.225000      0.290470      0.290470      0.580941
     -5.200000      0.289500      0.289500      0.578999
     -5.175000      0.288542      0.288542      0.577083
     -5.150000      0.287597      0.287597      0.575193
     -5.125000      0.286664      0.286664      0.573328
     -5.100000      0.285744      0.285744      0.571488
     -5.075000      0.284836      0.284836      0.569673
     -5.050000      0.283941      0.283941      0.567882
     -5.025000      0.283057      0.283057      0.566115
     -5.000000      0.282186      0.282186      0.564371
     -4.975000      0.281326      0.281326      0.562652
     -4.950000      0.280478      0.280478      0.560956
     -4.925000      0.279642      0.279642      0.559285
     -4.900000      0.278818      0.278818      0.557636
     -4.875000      0.278005      0.278005      0.556011
     -4.850000      0.277203      0.277203      0.554406
     -4.825000      0.276407      0.276407      0.552813
     -4.800000      0.275602      0.275602      0.551205
     -4.775000      0.274749      0.274749      0.549497
     -4.750000      0.273739      0.273739      0.547477
     -4.725000      0.272338      0.272338      0.544676
     -4.700000      0.270110      0.270110      0.540219
     -4.675000      0.266378      0.266378      0.532756
     -4.650000      0.260314      0.260314      0.520629
     -4.625000      0.251205      0.251205      0.502410
     -4.600000      0.238847      0.238847      0.477693
     -4.575000      0.223871      0.223871      0.447741
     -4.550000      0.207746      0.207746      0.415493
     -4.525000      0.192365      0.192365      0.384729
     -4.500000      0.179388      0.179388      0.358776
     -4.475000      0.169725      0.169725      0.339449
     -4.450000      0.163393      0.163393      0.326785
     -4.425000      0.159767      0.159767      0.319534
     -4.400000      0.157987      0.157987      0.315974
     -4.375000      0.157284      0.157284      0.314568
     -4.350000      0.157125      0.157125      0.314249
     -4.325000      0.157206      0.157206      0.314412
     -4.300000      0.157382      0.157382      0.314764
     -4.275000      0.157594      0.157594      0.315187
     -4.250000      0.157819      0.157819      0.315639
     -4.225000      0.158053      0.158053      0.316107
     -4.200000      0.158294      0.158294      0.316587
     -4.175000      0.158540      0.158540      0.317080
     -4.150000      0.158793      0.158793      0.317586
     -4.125000      0.159053      0.159053      0.318105
     -4.100000      0.159319      0.159319      0.318638
     -4.075000      0.159592      0.159592      0.319184
     -4.050000      0.159873      0.159873      0.319745
     -4.025000      0.160161      0.160161      0.320321
     -4.000000      0.160456      0.160456      0.320913
     -3.975000      0.160760      0.160760      0.321520
     -3.950000      0.161072      0.161072      0.322144
     -3.925000      0.161393      0.161393      0.322785
     -3.900000      0.161722      0.161722      0.323444
     -3.875000      0.162061      0.162061      0.324121
     -3.850000      0.162409      0.162409      0.324818
     -3.825000      0.162767      0.162767      0.325534
     -3.800000      0.163135      0.163135      0.326271
     -3.775000      0.163514      0.163514      0.327029
     -3.750000      0.163904      0.163904      0.327809
     -3.725000      0.164306      0.164306      0.328612
     -3.700000      0.164720      0.164720      0.329439
     -3.675000      0.165146      0.165146      0.330292
     -3.650000      0.165585      0.165585      0.331170
     -3.625000      0.166038      0.166038      0.332075
     -3.600000      0.166504      0.166504      0.333009
     -3.575000      0.166986      0.166986      0.333972
     -3.550000      0.167483      0.167483      0.334966
     -3.525000      0.167996      0.167996      0.335993
     -3.500000      0.168527      0.168527      0.337054
     -3.475000      0.169075      0.169075      0.338150
     -3.450000      0.169642      0.169642      0.339283
     -3.425000      0.170228      0.170228      0.340456
     -3.400000      0.170834      0.170834      0.341669
     -3.375000      0.171463      0.171463      0.342925
     -3.350000      0.172114      0.172114      0.344227
     -3.325000      0.172789      0.172789      0.345577
     -3.300000      0.173489      0.173489      0.346978
     -3.275000      0.174216      0.174216      0.348433
     -3.250000      0.174972      0.174972      0.349944
     -3.225000      0.175758      0.175758      0.351517
     -3.200000      0.176576      0.176576      0.353153
     -3.175000      0.177428      0.177428      0.354857
     -3.150000      0.178317      0.178317      0.356633
     -3.125000      0.179244      0.179244      0.358487
     -3.100000      0.180212      0.180212      0.360423
     -3.075000      0.181224      0.181224      0.362448
     -3.050000      0.182284      0.182284      0.364567
     -3.025000      0.183395      0.183395      0.366789
     -3.000000      0.184561      0.184561      0.369121
     -2.975000      0.185786      0.185786      0.371573
     -2.950000      0.187077      0.187077      0.374153
     -2.925000      0.188438      0.188438      0.376875
     -2.900000      0.189875      0.189875      0.379751
     -2.875000      0.191398      0.191398      0.382795
     -2.850000      0.193012      0.193012      0.386025
     -2.825000      0.194729      0.194729      0.389459
     -2.800000      0.196560      0.196560      0.393120
     -2.775000      0.198518      0.198518      0.397036
     -2.750000      0.200618      0.200618      0.401236
     -2.725000      0.202879      0.202879      0.405758
     -2.700000      0.205324      0.205324      0.410648
     -2.675000      0.207980      0.207980      0.415961
     -2.650000      0.210883      0.210883      0.421765
     -2.625000      0.214075      0.214075      0.428150
     -2.600000      0.217617      0.217617      0.435234
     -2.575000      0.221589      0.221589      0.443178
     -2.550000      0.226107      0.226107      0.452213
     -2.525000      0.231339      0.231339      0.462677
     -2.500000      0.237530      0.237530      0.475061
     -2.475000      0.245008      0.245008      0.490015
     -2.450000      0.254128      0.254128      0.508255
     -2.425000      0.265121      0.265121      0.530241
     -2.400000      0.277805      0.277805      0.555610
     -2.375000      0.291263      0.291263      0.582525
     -2.350000      0.303697      0.303697      0.607394
     -2.325000      0.312712      0.312712      0.625425
     -2.300000      0.316065      0.316065      0.632129
     -2.275000      0.312564      0.312564      0.625127
     -2.250000      0.302616      0.302616      0.605231
     -2.225000      0.288048      0.288048      0.576095
     -2.200000      0.271332      0.271332      0.542665
     -2.175000      0.254689      0.254689      0.509377
     -2.150000      0.239526      0.239526      0.479053
     -2.125000      0.226386      0.226386      0.452771
     -2.100000      0.215200      0.215200      0.430401
     -2.075000      0.205632      0.205632      0.411265
     -2.050000      0.197306      0.197306      0.394612
     -2.025000      0.189913      0.189913      0.379827
     -2.000000      0.183234      0.183234      0.366468
     -1.975000      0.177116      0.177116      0.354231
     -1.950000      0.171453      0.171453      0.342906
     -1.925000      0.166171      0.166171      0.332342
     -1.900000      0.161212      0.161212      0.322424
     -1.875000      0.156533      0.156533      0.313067
     -1.850000      0.152100      0.152100      0.304199
     -1.825000      0.147882      0.147882      0.295764
     -1.800000      0.143858      0.143858      0.287715
     -1.775000      0.140006      0.140006      0.280012
     -1.750000      0.136311      0.136311      0.272623
     -1.725000      0.132759      0.132759      0.265518
     -1.700000      0.129336      0.129336      0.258672
     -1.675000      0.126033      0.126033      0.252065
     -1.650000      0.122838      0.122838      0.245677
     -1.625000      0.119745      0.119745      0.239491
     -1.600000      0.116746      0.116746      0.233492
     -1.575000      0.113834      0.113834      0.227668
     -1.550000      0.111003      0.111003      0.222006
     -1.525000      0.108247      0.108247      0.216495
     -1.500000      0.105563      0.105563      0.211126
     -1.475000      0.102945      0.102945      0.205891
     -1.450000      0.100390      0.100390      0.200780
     -1.425000      0.097894      0.097894      0.195788
     -1.400000      0.095453      0.095453      0.190907
     -1.375000      0.093065      0.093065      0.186130
     -1.350000      0.090727      0.090727      0.181454
     -1.325000      0.088436      0.088436      0.176871
     -1.300000      0.086189      0.086189      0.172378
     -1.275000      0.083985      0.083985      0.167970
     -1.250000      0.081821      0.081821      0.163642
     -1.225000      0.079696      0.079696      0.159391
     -1.200000      0.077607      0.077607      0.155213
     -1.175000      0.075552      0.075552      0.151105
     -1.150000      0.073531      0.073531      0.147062
     -1.125000      0.071542      0.071542      0.143083
     -1.100000      0.069582      0.069582      0.139164
     -1.075000      0.067652      0.067652      0.135303
     -1.050000      0.065749      0.065749      0.131497
     -1.025000      0.063872      0.063872      0.127744
     -1.000000      0.062021      0.062021      0.124042
     -0.975000      0.060194      0.060194      0.120388
     -0.950000      0.058390      0.058390      0.116780
     -0.925000      0.056608      0.056608      0.113217
     -0.900000      0.054848      0.054848      0.109696
     -0.875000      0.053108      0.053108      0.106215
     -0.850000      0.051387      0.051387      0.102774
     -0.825000      0.049685      0.049685      0.099370
     -0.800000      0.048001      0.048001      0.096002
     -0.775000      0.046334      0.046334      0.092668
     -0.750000      0.044683      0.044683      0.089367
     -0.725000      0.043049      0.043049      0.086097
     -0.700000      0.041429      0.041429      0.082857
     -0.675000      0.039823      0.039823      0.079647
     -0.650000      0.038232      0.038232      0.076463
     -0.625000      0.036653      0.036653      0.073307
     -0.600000      0.035088      0.035088      0.070175
     -0.575000      0.033534      0.033534      0.067068
     -0.550000      0.031992      0.031992      0.063983
     -0.525000      0.030460      0.030460      0.060921
     -0.500000      0.028939      0.028939      0.057879
     -0.475000      0.027429      0.027429      0.054857
     -0.450000      0.025927      0.025927      0.051854
     -0.425000      0.024435      0.024435      0.048870
     -0.400000      0.022951      0.022951      0.045902
     -0.375000      0.021475      0.021475      0.042950
     -0.350000      0.020007      0.020007      0.040014
     -0.325000      0.018546      0.018546      0.037091
     -0.300000      0.017091      0.017091      0.034182
     -0.275000      0.015643      0.015643      0.031285
     -0.250000      0.014200      0.014200      0.028401
     -0.225000      0.012764      0.012764      0.025529
     -0.200000      0.011336      0.011336      0.022672
     -0.175000      0.009920      0.009920      0.019841
     -0.150000      0.008528      0.008528      0.017057
     -0.125000      0.007183      0.007183      0.014366
     -0.100000      0.005926      0.005926      0.011853
     -0.075000      0.004819      0.004819      0.009639
     -0.050000      0.003941      0.003941      0.007882
     -0.025000      0.003371      0.003371      0.006743
      0.000000      0.003172      0.003172      0.006344
      0.025000      0.003365      0.003365      0.006731
      0.050000      0.003928      0.003928      0.007857
      0.075000      0.004799      0.004799      0.009597
      0.100000      0.005895      0.005895      0.011791
      0.125000      0.007140      0.007140      0.014280
      0.150000      0.008470      0.008470      0.016940
      0.175000      0.009845      0.009845      0.019689
      0.200000      0.011240      0.011240      0.022481
      0.225000      0.012646      0.012646      0.025292
      0.250000      0.014056      0.014056      0.028113
      0.275000      0.015471      0.015471      0.030941
      0.300000      0.016888      0.016888      0.033777
      0.325000      0.018310      0.018310      0.036620
      0.350000      0.019736      0.019736      0.039472
      0.375000      0.021166      0.021166      0.042333
      0.400000      0.022602      0.022602      0.045205
      0.425000      0.024044      0.024044      0.048087
      0.450000      0.025491      0.025491      0.050983
      0.475000      0.026946      0.026946      0.053892
      0.500000      0.028408      0.028408      0.056815
      0.525000      0.029877      0.029877      0.059754
      0.550000      0.031355      0.031355      0.062711
      0.575000      0.032842      0.032842      0.065685
      0.600000      0.034339      0.034339      0.068678
      0.625000      0.035846      0.035846      0.071693
      0.650000      0.037365      0.037365      0.074729
      0.675000      0.038894      0.038894      0.077789
      0.700000      0.040437      0.040437      0.080874
      0.725000      0.041992      0.041992      0.083985
      0.750000      0.043562      0.043562      0.087124
      0.775000      0.045146      0.045146      0.090292
      0.800000      0.046746      0.046746      0.093492
      0.825000      0.048363      0.048363      0.096725
      0.850000      0.049997      0.049997      0.099994
      0.875000      0.051650      0.051650      0.103299
      0.900000      0.053322      0.053322      0.106644
      0.925000      0.055016      0.055016      0.110031
      0.950000      0.056731      0.056731      0.113461
      0.975000      0.058469      0.058469      0.116938
      1.000000      0.060232      0.060232      0.120464
      1.025000      0.062021      0.062021      0.124042
      1.050000      0.063837      0.063837      0.127674
      1.075000      0.065682      0.065682      0.131365
      1.100000      0.067558      0.067558      0.135117
      1.125000      0.069467      0.069467      0.138934
      1.150000      0.071410      0.071410      0.142820
      1.175000      0.073390      0.073390      0.146780
      1.200000      0.075409      0.075409      0.150818
      1.225000      0.077469      0.077469      0.154938
      1.250000      0.079573      0.079573      0.159146
      1.275000      0.081724      0.081724      0.163449
      1.300000      0.083925      0.083925      0.167851
      1.325000      0.086180      0.086180      0.172360
      1.350000      0.088491      0.088491      0.176982
      1.375000      0.090864      0.090864      0.181727
      1.400000      0.093301      0.093301      0.186603
      1.425000      0.095810      0.095810      0.191620
      1.450000      0.098394      0.098394      0.196789
      1.475000      0.101061      0.101061      0.202122
      1.500000      0.103816      0.103816      0.207633
      1.525000      0.106668      0.106668      0.213336
      1.550000      0.109625      0.109625      0.219250
      1.575000      0.112696      0.112696      0.225392
      1.600000      0.115893      0.115893      0.231785
      1.625000      0.119228      0.119228      0.238455
      1.650000      0.122715      0.122715      0.245431
      1.675000      0.126374      0.126374      0.252748
      1.700000      0.130222      0.130222      0.260445
      1.725000      0.134286      0.134286      0.268571
      1.750000      0.138593      0.138593      0.277185
      1.775000      0.143179      0.143179      0.286358
      1.800000      0.148089      0.148089      0.296179
      1.825000      0.153382      0.153382      0.306764
      1.850000      0.159134      0.159134      0.318267
      1.875000      0.165451      0.165451      0.330902
      1.900000      0.172488      0.172488      0.344976
      1.925000      0.180470      0.180470      0.360940
      1.950000      0.189707      0.189707      0.379414
      1.975000      0.200583      0.200583      0.401166
      2.000000      0.213449      0.213449      0.426897
      2.025000      0.228388      0.228388      0.456776
      2.050000      0.244879      0.244879      0.489757
      2.075000      0.261521      0.261521      0.523042
      2.100000      0.276086      0.276086      0.552172
      2.125000      0.286064      0.286064      0.572128
      2.150000      0.289568      0.289568      0.579135
      2.175000      0.286135      0.286135      0.572269
      2.200000      0.276924      0.276924      0.553848
      2.225000      0.264183      0.264183      0.528366
      2.250000      0.250340      0.250340      0.500680
      2.275000      0.237234      0.237234      0.474469
      2.300000      0.225819      0.225819      0.451638
      2.325000      0.216295      0.216295      0.432590
      2.350000      0.208437      0.208437      0.416873
      2.375000      0.201885      0.201885      0.403770
      2.400000      0.196310      0.196310      0.392620
      2.425000      0.191461      0.191461      0.382923
      2.450000      0.187166      0.187166      0.374333
      2.475000      0.183308      0.183308      0.366616
      2.500000      0.179805      0.179805      0.359610
      2.525000      0.176597      0.176597      0.353193
      2.550000      0.173637      0.173637      0.347274
      2.575000      0.170892      0.170892      0.341784
      2.600000      0.168335      0.168335      0.336669
      2.625000      0.165940      0.165940      0.331880
      2.650000      0.163689      0.163689      0.327379
      2.675000      0.161568      0.161568      0.323136
      2.700000      0.159563      0.159563      0.319126
      2.725000      0.157661      0.157661      0.315323
      2.750000      0.155853      0.155853      0.311707
      2.775000      0.154131      0.154131      0.308263
      2.800000      0.152489      0.152489      0.304978
      2.825000      0.150918      0.150918      0.301836
      2.850000      0.149412      0.149412      0.298823
      2.875000      0.147967      0.147967      0.295934
      2.900000      0.146579      0.146579      0.293159
      2.925000      0.145244      0.145244      0.290488
      2.950000      0.143956      0.143956      0.287913
      2.975000      0.142714      0.142714      0.285428
      3.000000      0.141516      0.141516      0.283031
      3.025000      0.140357      0.140357      0.280713
      3.050000      0.139233      0.139233      0.278467
      3.075000      0.138145      0.138145      0.276290
      3.100000      0.137091      0.137091      0.274182
      3.125000      0.136068      0.136068      0.272136
      3.150000      0.135073      0.135073      0.270146
      3.175000      0.134106      0.134106      0.268212
      3.200000      0.133166      0.133166      0.266332
      3.225000      0.132252      0.132252      0.264504
      3.250000      0.131360      0.131360      0.262720
      3.275000      0.130490      0.130490      0.260979
      3.300000      0.129642      0.129642      0.259285
      3.325000      0.128816      0.128816      0.257632
      3.350000      0.128008      0.128008      0.256016
      3.375000      0.127217      0.127217      0.254435
      3.400000      0.126445      0.126445      0.252891
      3.425000      0.125692      0.125692      0.251384
      3.450000      0.124954      0.124954      0.249907
      3.475000      0.124229      0.124229      0.248459
      3.500000      0.123521      0.123521      0.247041
      3.525000      0.122828      0.122828      0.245656
      3.550000      0.122149      0.122149      0.244298
      3.575000      0.121481      0.121481      0.242963
      3.600000      0.120826      0.120826      0.241652
      3.625000      0.120185      0.120185      0.240371
      3.650000      0.119557      0.119557      0.239114
      3.675000      0.118938      0.118938      0.237875
      3.700000      0.118328      0.118328      0.236657
      3.725000      0.117732      0.117732      0.235464
      3.750000      0.117147      0.117147      0.234294
      3.775000      0.116570      0.116570      0.233141
      3.800000      0.116001      0.116001      0.232003
      3.825000      0.115443      0.115443      0.230886
      3.850000      0.114896      0.114896      0.229792
      3.875000      0.114356      0.114356      0.228713
      3.900000      0.113823      0.113823      0.227645
      3.925000      0.113298      0.113298      0.226595
      3.950000      0.112783      0.112783      0.225566
      3.975000      0.112276      0.112276      0.224553
      4.000000      0.111774      0.111774      0.223549
      4.025000      0.111279      0.111279      0.222558
      4.050000      0.110793      0.110793      0.221586
      4.075000      0.110315      0.110315      0.220630
      4.100000      0.109842      0.109842      0.219684
      4.125000      0.109373      0.109373      0.218746
      4.150000      0.108912      0.108912      0.217825
      4.175000      0.108461      0.108461      0.216921
      4.200000      0.108013      0.108013      0.216027
      4.225000      0.107569      0.107569      0.215139
      4.250000      0.107131      0.107131      0.214262
      4.275000      0.106701      0.106701      0.213403
      4.300000      0.106277      0.106277      0.212555
      4.325000      0.105856      0.105856      0.211711
      4.350000      0.105438      0.105438      0.210875
      4.375000      0.105027      0.105027      0.210055
      4.400000      0.104624      0.104624      0.209248
      4.425000      0.104224      0.104224      0.208448
      4.450000      0.103825      0.103825      0.207650
      4.475000      0.103432      0.103432      0.206865
      4.500000      0.103047      0.103047      0.206095
      4.525000      0.102666      0.102666      0.205333
      4.550000      0.102286      0.102286      0.204572
      4.575000      0.101909      0.101909      0.203819
      4.600000      0.101540      0.101540      0.203080
      4.625000      0.101177      0.101177      0.202353
      4.650000      0.100814      0.100814      0.201628
      4.675000      0.100453      0.100453      0.200906
      4.700000      0.100098      0.100098      0.200195
      4.725000      0.099749      0.099749      0.199499
      4.750000      0.099403      0.099403      0.198807
      4.775000      0.099057      0.099057      0.198114
      4.800000      0.098715      0.098715      0.197429
      4.825000      0.098379      0.098379      0.196758
      4.850000      0.098048      0.098048      0.196096
      4.875000      0.097717      0.097717      0.195434
      4.900000      0.097387      0.097387      0.194774
      4.925000      0.097063      0.097063      0.194125
      4.950000      0.096744      0.096744      0.193489
      4.975000      0.096428      0.096428      0.192855
      5.000000      0.096110      0.096110      0.192221
