              -2715.2402961332
          0.000000016       0.000000000       0.000000000
          0.000000000       0.000000016       0.000000000
          0.000000000       0.000000000       0.000073982
         240
  1     6      -0.000177133       0.000000116      -0.035347741  C
  1     6      -0.000000032       0.000000070      -0.000490562  C
  1     6      -0.000000026       0.000000084      -0.000491509  C
  1     6      -0.000000029       0.000000076      -0.000491481  C
  1     6      -0.000000018       0.000000086      -0.000490434  C
  1     6       0.000084427      -0.000000170       0.010251060  C
  1     6      -0.000000100      -0.000000103      -0.000021124  C
  1     6      -0.000000138      -0.000000094      -0.000020230  C
  1     6      -0.000000133      -0.000000100      -0.000020224  C
  1     6      -0.000000121      -0.000000084      -0.000021359  C
  1     6       0.000008161      -0.000000013       0.005597977  C
  1     6      -0.000000329      -0.000000042      -0.000490803  C
  1     6      -0.000000328      -0.000000029      -0.000491554  C
  1     6      -0.000000329      -0.000000031      -0.000491537  C
  1     6      -0.000000329      -0.000000037      -0.000490143  C
  1     6      -0.000010098      -0.000000088      -0.003330278  C
  1     6      -0.000000091      -0.000000089      -0.000020792  C
  1     6      -0.000000095      -0.000000074      -0.000020114  C
  1     6      -0.000000099      -0.000000070      -0.000020094  C
  1     6      -0.000000087      -0.000000073      -0.000021603  C
  1     6      -0.000000862      -0.000000053       0.001667474  C
  1     6      -0.000000317      -0.000000052      -0.000491000  C
  1     6      -0.000000327      -0.000000033      -0.000491538  C
  1     6      -0.000000319      -0.000000029      -0.000491527  C
  1     6      -0.000000340      -0.000000080      -0.000489714  C
  1     6       0.000000594      -0.000000024      -0.001461580  C
  1     6      -0.000000106      -0.000000088      -0.000020652  C
  1     6      -0.000000085      -0.000000070      -0.000020110  C
  1     6      -0.000000094      -0.000000067      -0.000020092  C
  1     6      -0.000000089      -0.000000065      -0.000022080  C
  1     6      -0.000000024      -0.000000123       0.000567561  C
  1     6      -0.000000316      -0.000000040      -0.000491136  C
  1     6      -0.000000329      -0.000000041      -0.000491539  C
  1     6      -0.000000325      -0.000000035      -0.000491519  C
  1     6      -0.000000338      -0.000000054      -0.000489219  C
  1     6      -0.000000050      -0.000000051      -0.000797650  C
  1     6      -0.000000105      -0.000000076      -0.000020539  C
  1     6      -0.000000087      -0.000000068      -0.000020108  C
  1     6      -0.000000100      -0.000000076      -0.000020093  C
  1     6      -0.000000081      -0.000000057      -0.000022674  C
  1     6      -0.000000292      -0.000000060       0.000113504  C
  1     6      -0.000000313      -0.000000043      -0.000491244  C
  1     6      -0.000000325      -0.000000035      -0.000491528  C
  1     6      -0.000000332      -0.000000032      -0.000491511  C
  1     6      -0.000000351      -0.000000068      -0.000488513  C
  1     6      -0.000000221      -0.000000057      -0.000485560  C
  1     6      -0.000000092      -0.000000078      -0.000020438  C
  1     6      -0.000000090      -0.000000068      -0.000020107  C
  1     6      -0.000000102      -0.000000078      -0.000020086  C
  1     6      -0.000000073      -0.000000065      -0.000023561  C
  1     6      -0.000000246      -0.000000010      -0.000117473  C
  1     6      -0.000000321      -0.000000042      -0.000491311  C
  1     6      -0.000000333      -0.000000031      -0.000491530  C
  1     6      -0.000000341      -0.000000030      -0.000491526  C
  1     6      -0.000000334      -0.000000066      -0.000487508  C
  1     6      -0.000000168      -0.000000061      -0.000316443  C
  1     6      -0.000000099      -0.000000080      -0.000020367  C
  1     6      -0.000000094      -0.000000065      -0.000020118  C
  1     6      -0.000000106      -0.000000072      -0.000020089  C
  1     6      -0.000000069      -0.000000047      -0.000024696  C
  1     6      -0.000000317       0.000000015      -0.000248214  C
  1     6      -0.000000318      -0.000000041      -0.000491372  C
  1     6      -0.000000331      -0.000000029      -0.000491523  C
  1     6      -0.000000335      -0.000000039      -0.000491521  C
  1     6      -0.000000318      -0.000000065      -0.000486221  C
  1     6      -0.000000145      -0.000000115      -0.000216574  C
  1     6      -0.000000094      -0.000000078      -0.000020302  C
  1     6      -0.000000089      -0.000000069      -0.000020112  C
  1     6      -0.000000103      -0.000000073      -0.000020078  C
  1     6      -0.000000044      -0.000000030      -0.000026161  C
  1     6      -0.000000367       0.000000000      -0.000327706  C
  1     6      -0.000000331      -0.000000039      -0.000491420  C
  1     6      -0.000000340      -0.000000028      -0.000491527  C
  1     6      -0.000000340      -0.000000042      -0.000491518  C
  1     6      -0.000000311      -0.000000057      -0.000484500  C
  1     6      -0.000000149      -0.000000071      -0.000154347  C
  1     6      -0.000000097      -0.000000074      -0.000020249  C
  1     6      -0.000000086      -0.000000075      -0.000020114  C
  1     6      -0.000000100      -0.000000071      -0.000020086  C
  1     6      -0.000000024      -0.000000024      -0.000028173  C
  1     6      -0.000000349      -0.000000014      -0.000378432  C
  1     6      -0.000000310      -0.000000040      -0.000491461  C
  1     6      -0.000000331      -0.000000025      -0.000491521  C
  1     6      -0.000000333      -0.000000040      -0.000491519  C
  1     6      -0.000000340      -0.000000062      -0.000482277  C
  1     6      -0.000000094      -0.000000082      -0.000113707  C
  1     6      -0.000000094      -0.000000073      -0.000020219  C
  1     6      -0.000000086      -0.000000066      -0.000020104  C
  1     6      -0.000000090      -0.000000072      -0.000020095  C
  1     6      -0.000000012      -0.000000038      -0.000030812  C
  1     6      -0.000000313      -0.000000005      -0.000411847  C
  1     6      -0.000000320      -0.000000031      -0.000491473  C
  1     6      -0.000000338      -0.000000026      -0.000491528  C
  1     6      -0.000000334      -0.000000040      -0.000491514  C
  1     6      -0.000000327      -0.000000016      -0.000479190  C
  1     6      -0.000000119      -0.000000083      -0.000086625  C
  1     6      -0.000000096      -0.000000069      -0.000020186  C
  1     6      -0.000000087      -0.000000067      -0.000020108  C
  1     6      -0.000000095      -0.000000077      -0.000020097  C
  1     6      -0.000000026      -0.000000058      -0.000034384  C
  1     6      -0.000000365      -0.000000024      -0.000434467  C
  1     6      -0.000000319      -0.000000034      -0.000491490  C
  1     6      -0.000000332      -0.000000021      -0.000491529  C
  1     6      -0.000000336      -0.000000037      -0.000491500  C
  1     6      -0.000000357      -0.000000039      -0.000475061  C
  1     6      -0.000000149      -0.000000109      -0.000067966  C
  1     6      -0.000000093      -0.000000074      -0.000020170  C
  1     6      -0.000000088      -0.000000065      -0.000020106  C
  1     6      -0.000000081      -0.000000079      -0.000020108  C
  1     6      -0.000000086      -0.000000107      -0.000039292  C
  1     6      -0.000000403      -0.000000016      -0.000450326  C
  1     6      -0.000000339      -0.000000035      -0.000491519  C
  1     6      -0.000000337      -0.000000024      -0.000491519  C
  1     6      -0.000000345      -0.000000031      -0.000491498  C
  1     6      -0.000000327      -0.000000047      -0.000469371  C
  1     6      -0.000000110      -0.000000067      -0.000054901  C
  1     6      -0.000000106      -0.000000075      -0.000020160  C
  1     6      -0.000000084      -0.000000069      -0.000020097  C
  1     6      -0.000000084      -0.000000071      -0.000020125  C
  1     6      -0.000000154      -0.000000086      -0.000046071  C
  1     6      -0.000000347      -0.000000045      -0.000461418  C
  1     6      -0.000000337      -0.000000027      -0.000491531  C
  1     6      -0.000000334      -0.000000029      -0.000491515  C
  1     6      -0.000000342      -0.000000026      -0.000491476  C
  1     6      -0.000000365      -0.000000048      -0.000461452  C
  1     6      -0.000000115      -0.000000125      -0.000045715  C
  1     6      -0.000000096      -0.000000083      -0.000020141  C
  1     6      -0.000000085      -0.000000058      -0.000020105  C
  1     6      -0.000000083      -0.000000073      -0.000020128  C
  1     6      -0.000000136      -0.000000075      -0.000055497  C
  1     6      -0.000000349      -0.000000060      -0.000469361  C
  1     6      -0.000000334      -0.000000026      -0.000491537  C
  1     6      -0.000000334      -0.000000024      -0.000491512  C
  1     6      -0.000000337      -0.000000035      -0.000491464  C
  1     6      -0.000000356      -0.000000011      -0.000450391  C
  1     6      -0.000000094      -0.000000083      -0.000039111  C
  1     6      -0.000000103      -0.000000071      -0.000020126  C
  1     6      -0.000000088      -0.000000058      -0.000020111  C
  1     6      -0.000000084      -0.000000071      -0.000020138  C
  1     6      -0.000000169      -0.000000125      -0.000068722  C
  1     6      -0.000000337      -0.000000027      -0.000475011  C
  1     6      -0.000000336      -0.000000021      -0.000491552  C
  1     6      -0.000000330      -0.000000028      -0.000491515  C
  1     6      -0.000000343      -0.000000042      -0.000491434  C
  1     6      -0.000000356      -0.000000042      -0.000434780  C
  1     6      -0.000000028      -0.000000042      -0.000034272  C
  1     6      -0.000000111      -0.000000081      -0.000020117  C
  1     6      -0.000000089      -0.000000061      -0.000020115  C
  1     6      -0.000000073      -0.000000083      -0.000020171  C
  1     6      -0.000000137      -0.000000061      -0.000087486  C
  1     6      -0.000000346      -0.000000048      -0.000479261  C
  1     6      -0.000000326      -0.000000022      -0.000491556  C
  1     6      -0.000000331      -0.000000023      -0.000491516  C
  1     6      -0.000000347      -0.000000046      -0.000491404  C
  1     6      -0.000000390      -0.000000025      -0.000412096  C
  1     6      -0.000000040      -0.000000043      -0.000030711  C
  1     6      -0.000000102      -0.000000079      -0.000020117  C
  1     6      -0.000000086      -0.000000059      -0.000020111  C
  1     6      -0.000000075      -0.000000086      -0.000020201  C
  1     6      -0.000000154      -0.000000094      -0.000115234  C
  1     6      -0.000000312      -0.000000080      -0.000482330  C
  1     6      -0.000000322      -0.000000027      -0.000491563  C
  1     6      -0.000000331      -0.000000037      -0.000491518  C
  1     6      -0.000000342      -0.000000044      -0.000491374  C
  1     6      -0.000000379      -0.000000034      -0.000378734  C
  1     6      -0.000000024      -0.000000063      -0.000028071  C
  1     6      -0.000000109      -0.000000062      -0.000020103  C
  1     6      -0.000000091      -0.000000056      -0.000020105  C
  1     6      -0.000000107      -0.000000086      -0.000020233  C
  1     6      -0.000000097      -0.000000140      -0.000156529  C
  1     6      -0.000000316      -0.000000096      -0.000484592  C
  1     6      -0.000000324      -0.000000025      -0.000491559  C
  1     6      -0.000000319      -0.000000035      -0.000491526  C
  1     6      -0.000000347      -0.000000044      -0.000491333  C
  1     6      -0.000000384      -0.000000008      -0.000328339  C
  1     6      -0.000000041      -0.000000061      -0.000026103  C
  1     6      -0.000000113      -0.000000073      -0.000020097  C
  1     6      -0.000000087      -0.000000060      -0.000020101  C
  1     6      -0.000000095      -0.000000083      -0.000020285  C
  1     6      -0.000000142      -0.000000143      -0.000220386  C
  1     6      -0.000000318      -0.000000087      -0.000486269  C
  1     6      -0.000000320      -0.000000027      -0.000491564  C
  1     6      -0.000000319      -0.000000037      -0.000491534  C
  1     6      -0.000000328      -0.000000045      -0.000491296  C
  1     6      -0.000000305       0.000000044      -0.000249094  C
  1     6      -0.000000066      -0.000000106      -0.000024687  C
  1     6      -0.000000106      -0.000000069      -0.000020088  C
  1     6      -0.000000085      -0.000000053      -0.000020098  C
  1     6      -0.000000093      -0.000000085      -0.000020330  C
  1     6      -0.000000135      -0.000000059      -0.000322727  C
  1     6      -0.000000328      -0.000000067      -0.000487584  C
  1     6      -0.000000325      -0.000000027      -0.000491566  C
  1     6      -0.000000320      -0.000000036      -0.000491522  C
  1     6      -0.000000339      -0.000000043      -0.000491233  C
  1     6      -0.000000409      -0.000000009      -0.000118924  C
  1     6      -0.000000074      -0.000000081      -0.000023572  C
  1     6      -0.000000109      -0.000000069      -0.000020098  C
  1     6      -0.000000091      -0.000000058      -0.000020104  C
  1     6      -0.000000088      -0.000000079      -0.000020401  C
  1     6      -0.000000225      -0.000000057      -0.000496735  C
  1     6      -0.000000327      -0.000000073      -0.000488572  C
  1     6      -0.000000319      -0.000000029      -0.000491559  C
  1     6      -0.000000315      -0.000000041      -0.000491517  C
  1     6      -0.000000322      -0.000000044      -0.000491141  C
  1     6      -0.000000171      -0.000000003       0.000110788  C
  1     6      -0.000000087      -0.000000043      -0.000022725  C
  1     6      -0.000000102      -0.000000065      -0.000020103  C
  1     6      -0.000000089      -0.000000057      -0.000020105  C
  1     6      -0.000000076      -0.000000080      -0.000020476  C
  1     6      -0.000000212      -0.000000155      -0.000819227  C
  1     6      -0.000000348      -0.000000078      -0.000489287  C
  1     6      -0.000000315      -0.000000024      -0.000491545  C
  1     6      -0.000000318      -0.000000029      -0.000491517  C
  1     6      -0.000000336      -0.000000048      -0.000491029  C
  1     6      -0.000000097      -0.000000043       0.000562013  C
  1     6      -0.000000100      -0.000000061      -0.000022124  C
  1     6      -0.000000106      -0.000000067      -0.000020095  C
  1     6      -0.000000086      -0.000000056      -0.000020092  C
  1     6      -0.000000079      -0.000000088      -0.000020579  C
  1     6       0.000000279      -0.000000060      -0.001510744  C
  1     6      -0.000000321      -0.000000071      -0.000489819  C
  1     6      -0.000000322      -0.000000034      -0.000491543  C
  1     6      -0.000000328      -0.000000035      -0.000491529  C
  1     6      -0.000000333      -0.000000034      -0.000490892  C
  1     6      -0.000000833      -0.000000033       0.001653273  C
  1     6      -0.000000104      -0.000000068      -0.000021666  C
  1     6      -0.000000103      -0.000000084      -0.000020104  C
  1     6      -0.000000101      -0.000000079      -0.000020113  C
  1     6      -0.000000083      -0.000000078      -0.000020739  C
  1     6      -0.000006660      -0.000000074      -0.003478445  C
  1     6      -0.000000355      -0.000000038      -0.000490162  C
  1     6      -0.000000366      -0.000000060      -0.000491480  C
  1     6      -0.000000365      -0.000000046      -0.000491450  C
  1     6      -0.000000357      -0.000000043      -0.000490643  C
  1     6       0.000010453      -0.000000027       0.005522786  C
  1     6       0.000000111       0.000000210      -0.000021158  C
  1     6       0.000000103       0.000000203      -0.000019984  C
  1     6       0.000000101       0.000000219      -0.000019982  C
  1     6       0.000000084       0.000000198      -0.000020855  C
  1     6       0.000091795       0.000000223       0.016658020  C
