              -2715.2403484928
          0.000000016       0.000000000       0.000000000
          0.000000000       0.000000016       0.000000000
          0.000000000       0.000000000       0.000073947
         240
  1     6       0.000183825       0.000000376       0.037519240  C
  1     6      -0.000000012       0.000000187      -0.000493061  C
  1     6      -0.000000032       0.000000226      -0.000491833  C
  1     6      -0.000000030       0.000000215      -0.000491832  C
  1     6      -0.000000017       0.000000173      -0.000493056  C
  1     6      -0.000100291      -0.000000191      -0.010243685  C
  1     6       0.000000047      -0.000000095      -0.000018773  C
  1     6       0.000000028      -0.000000087      -0.000019779  C
  1     6       0.000000040      -0.000000095      -0.000019763  C
  1     6       0.000000064      -0.000000066      -0.000018441  C
  1     6      -0.000009973      -0.000000023      -0.006773533  C
  1     6      -0.000000205       0.000000088      -0.000492942  C
  1     6      -0.000000201       0.000000091      -0.000492018  C
  1     6      -0.000000221       0.000000087      -0.000491998  C
  1     6      -0.000000219       0.000000085      -0.000493525  C
  1     6       0.000010207      -0.000000100       0.003390827  C
  1     6       0.000000280      -0.000000054      -0.000018809  C
  1     6       0.000000278      -0.000000052      -0.000019601  C
  1     6       0.000000282      -0.000000061      -0.000019592  C
  1     6       0.000000245      -0.000000056      -0.000017870  C
  1     6       0.000001424      -0.000000180      -0.002717217  C
  1     6      -0.000000246      -0.000000201      -0.000492603  C
  1     6      -0.000000249      -0.000000197      -0.000491832  C
  1     6      -0.000000231      -0.000000200      -0.000491831  C
  1     6      -0.000000254      -0.000000188      -0.000493811  C
  1     6      -0.000000870      -0.000000068       0.001463731  C
  1     6      -0.000000093      -0.000000105      -0.000019060  C
  1     6      -0.000000091      -0.000000124      -0.000019712  C
  1     6      -0.000000096      -0.000000133      -0.000019692  C
  1     6      -0.000000069      -0.000000105      -0.000017428  C
  1     6      -0.000000165       0.000000003      -0.001580308  C
  1     6      -0.000000366       0.000000035      -0.000492486  C
  1     6      -0.000000351       0.000000023      -0.000491884  C
  1     6      -0.000000353       0.000000024      -0.000491899  C
  1     6      -0.000000330       0.000000020      -0.000494410  C
  1     6       0.000000066      -0.000000084       0.000778597  C
  1     6       0.000000047      -0.000000093      -0.000019233  C
  1     6       0.000000060      -0.000000077      -0.000019709  C
  1     6       0.000000064      -0.000000093      -0.000019666  C
  1     6       0.000000054      -0.000000067      -0.000016821  C
  1     6      -0.000000243       0.000000022      -0.001112365  C
  1     6      -0.000000242       0.000000080      -0.000492482  C
  1     6      -0.000000197       0.000000089      -0.000491999  C
  1     6      -0.000000217       0.000000085      -0.000492006  C
  1     6      -0.000000224       0.000000057      -0.000495284  C
  1     6       0.000000133      -0.000000125       0.000457406  C
  1     6       0.000000273      -0.000000059      -0.000019219  C
  1     6       0.000000277      -0.000000039      -0.000019601  C
  1     6       0.000000285      -0.000000064      -0.000019575  C
  1     6       0.000000249      -0.000000054      -0.000015908  C
  1     6      -0.000000225      -0.000000080      -0.000874625  C
  1     6      -0.000000238      -0.000000193      -0.000492219  C
  1     6      -0.000000241      -0.000000207      -0.000491819  C
  1     6      -0.000000242      -0.000000193      -0.000491835  C
  1     6      -0.000000222      -0.000000205      -0.000496059  C
  1     6      -0.000000043      -0.000000064       0.000283427  C
  1     6      -0.000000113      -0.000000116      -0.000019405  C
  1     6      -0.000000087      -0.000000134      -0.000019711  C
  1     6      -0.000000097      -0.000000143      -0.000019660  C
  1     6      -0.000000050      -0.000000088      -0.000014802  C
  1     6      -0.000000389       0.000000033      -0.000740397  C
  1     6      -0.000000328       0.000000031      -0.000492196  C
  1     6      -0.000000356       0.000000012      -0.000491868  C
  1     6      -0.000000358       0.000000033      -0.000491904  C
  1     6      -0.000000335       0.000000043      -0.000497373  C
  1     6       0.000000092      -0.000000017       0.000181162  C
  1     6       0.000000077      -0.000000087      -0.000019478  C
  1     6       0.000000066      -0.000000087      -0.000019713  C
  1     6       0.000000062      -0.000000092      -0.000019643  C
  1     6       0.000000074      -0.000000045      -0.000013328  C
  1     6      -0.000000292       0.000000082      -0.000659176  C
  1     6      -0.000000215       0.000000090      -0.000492269  C
  1     6      -0.000000210       0.000000084      -0.000491984  C
  1     6      -0.000000207       0.000000083      -0.000492042  C
  1     6      -0.000000218       0.000000087      -0.000499168  C
  1     6       0.000000240      -0.000000018       0.000117404  C
  1     6       0.000000283      -0.000000059      -0.000019416  C
  1     6       0.000000277      -0.000000053      -0.000019600  C
  1     6       0.000000265      -0.000000062      -0.000019548  C
  1     6       0.000000277      -0.000000033      -0.000011174  C
  1     6      -0.000000318      -0.000000196      -0.000607177  C
  1     6      -0.000000234      -0.000000187      -0.000492059  C
  1     6      -0.000000235      -0.000000204      -0.000491822  C
  1     6      -0.000000247      -0.000000190      -0.000491861  C
  1     6      -0.000000211      -0.000000137      -0.000501396  C
  1     6      -0.000000033      -0.000000019       0.000075791  C
  1     6      -0.000000100      -0.000000122      -0.000019562  C
  1     6      -0.000000090      -0.000000124      -0.000019712  C
  1     6      -0.000000099      -0.000000145      -0.000019640  C
  1     6      -0.000000015      -0.000000069      -0.000008598  C
  1     6      -0.000000345       0.000000016      -0.000572938  C
  1     6      -0.000000342       0.000000044      -0.000492048  C
  1     6      -0.000000353       0.000000033      -0.000491878  C
  1     6      -0.000000347       0.000000020      -0.000491924  C
  1     6      -0.000000334       0.000000079      -0.000504534  C
  1     6       0.000000125      -0.000000011       0.000048060  C
  1     6       0.000000069      -0.000000089      -0.000019591  C
  1     6       0.000000072      -0.000000097      -0.000019713  C
  1     6       0.000000068      -0.000000094      -0.000019634  C
  1     6       0.000000051      -0.000000093      -0.000004907  C
  1     6      -0.000000222       0.000000142      -0.000550002  C
  1     6      -0.000000204       0.000000109      -0.000492161  C
  1     6      -0.000000218       0.000000081      -0.000491987  C
  1     6      -0.000000209       0.000000086      -0.000492062  C
  1     6      -0.000000225       0.000000121      -0.000508903  C
  1     6       0.000000290      -0.000000059       0.000029158  C
  1     6       0.000000273      -0.000000055      -0.000019494  C
  1     6       0.000000294      -0.000000054      -0.000019624  C
  1     6       0.000000264      -0.000000054      -0.000019516  C
  1     6       0.000000236      -0.000000027       0.000000237  C
  1     6      -0.000000265      -0.000000163      -0.000533867  C
  1     6      -0.000000228      -0.000000203      -0.000491955  C
  1     6      -0.000000224      -0.000000209      -0.000491795  C
  1     6      -0.000000229      -0.000000191      -0.000491883  C
  1     6      -0.000000252      -0.000000170      -0.000514637  C
  1     6      -0.000000055      -0.000000132       0.000015838  C
  1     6      -0.000000101      -0.000000130      -0.000019639  C
  1     6      -0.000000090      -0.000000130      -0.000019712  C
  1     6      -0.000000095      -0.000000138      -0.000019611  C
  1     6      -0.000000079      -0.000000094       0.000007049  C
  1     6      -0.000000384       0.000000049      -0.000522660  C
  1     6      -0.000000333       0.000000027      -0.000491996  C
  1     6      -0.000000344       0.000000037      -0.000491877  C
  1     6      -0.000000337       0.000000027      -0.000491947  C
  1     6      -0.000000406       0.000000038      -0.000522750  C
  1     6       0.000000073      -0.000000110       0.000006382  C
  1     6       0.000000057      -0.000000068      -0.000019668  C
  1     6       0.000000071      -0.000000084      -0.000019699  C
  1     6       0.000000062      -0.000000084      -0.000019586  C
  1     6       0.000000122      -0.000000032       0.000016542  C
  1     6      -0.000000242       0.000000104      -0.000514715  C
  1     6      -0.000000205       0.000000102      -0.000492100  C
  1     6      -0.000000214       0.000000081      -0.000492000  C
  1     6      -0.000000224       0.000000086      -0.000492108  C
  1     6      -0.000000247       0.000000067      -0.000534084  C
  1     6       0.000000249      -0.000000055      -0.000000238  C
  1     6       0.000000273      -0.000000050      -0.000019541  C
  1     6       0.000000294      -0.000000049      -0.000019612  C
  1     6       0.000000255      -0.000000043      -0.000019453  C
  1     6       0.000000287      -0.000000051       0.000030306  C
  1     6      -0.000000208      -0.000000115      -0.000508803  C
  1     6      -0.000000236      -0.000000198      -0.000491899  C
  1     6      -0.000000227      -0.000000206      -0.000491812  C
  1     6      -0.000000240      -0.000000193      -0.000491958  C
  1     6      -0.000000312      -0.000000136      -0.000550018  C
  1     6      -0.000000044      -0.000000076      -0.000005231  C
  1     6      -0.000000097      -0.000000121      -0.000019684  C
  1     6      -0.000000087      -0.000000133      -0.000019713  C
  1     6      -0.000000105      -0.000000124      -0.000019547  C
  1     6      -0.000000027      -0.000000010       0.000049634  C
  1     6      -0.000000352       0.000000038      -0.000504543  C
  1     6      -0.000000334       0.000000033      -0.000491937  C
  1     6      -0.000000353       0.000000027      -0.000491878  C
  1     6      -0.000000342       0.000000024      -0.000492052  C
  1     6      -0.000000350       0.000000048      -0.000573330  C
  1     6       0.000000053      -0.000000040      -0.000008863  C
  1     6       0.000000050      -0.000000082      -0.000019687  C
  1     6       0.000000063      -0.000000081      -0.000019702  C
  1     6       0.000000072      -0.000000072      -0.000019505  C
  1     6       0.000000139      -0.000000033       0.000078032  C
  1     6      -0.000000190       0.000000070      -0.000501602  C
  1     6      -0.000000213       0.000000090      -0.000492061  C
  1     6      -0.000000222       0.000000083      -0.000492000  C
  1     6      -0.000000215       0.000000097      -0.000492195  C
  1     6      -0.000000278       0.000000073      -0.000607606  C
  1     6       0.000000250      -0.000000048      -0.000011413  C
  1     6       0.000000266      -0.000000061      -0.000019573  C
  1     6       0.000000298      -0.000000055      -0.000019615  C
  1     6       0.000000259      -0.000000049      -0.000019365  C
  1     6       0.000000263      -0.000000050       0.000120756  C
  1     6      -0.000000232      -0.000000156      -0.000499136  C
  1     6      -0.000000242      -0.000000194      -0.000491871  C
  1     6      -0.000000232      -0.000000201      -0.000491813  C
  1     6      -0.000000234      -0.000000180      -0.000492065  C
  1     6      -0.000000239      -0.000000094      -0.000659532  C
  1     6      -0.000000085      -0.000000096      -0.000013446  C
  1     6      -0.000000094      -0.000000121      -0.000019696  C
  1     6      -0.000000090      -0.000000137      -0.000019704  C
  1     6      -0.000000105      -0.000000128      -0.000019403  C
  1     6      -0.000000116      -0.000000045       0.000186381  C
  1     6      -0.000000323       0.000000048      -0.000497414  C
  1     6      -0.000000334       0.000000032      -0.000491894  C
  1     6      -0.000000353       0.000000040      -0.000491888  C
  1     6      -0.000000359       0.000000039      -0.000492194  C
  1     6      -0.000000327       0.000000068      -0.000741389  C
  1     6       0.000000056      -0.000000090      -0.000014927  C
  1     6       0.000000052      -0.000000076      -0.000019721  C
  1     6       0.000000070      -0.000000090      -0.000019694  C
  1     6       0.000000066      -0.000000089      -0.000019369  C
  1     6       0.000000040      -0.000000039       0.000292355  C
  1     6      -0.000000219       0.000000064      -0.000496241  C
  1     6      -0.000000215       0.000000090      -0.000492031  C
  1     6      -0.000000218       0.000000083      -0.000491994  C
  1     6      -0.000000228       0.000000098      -0.000492370  C
  1     6      -0.000000290       0.000000130      -0.000876666  C
  1     6       0.000000239      -0.000000054      -0.000015978  C
  1     6       0.000000279      -0.000000053      -0.000019597  C
  1     6       0.000000291      -0.000000044      -0.000019598  C
  1     6       0.000000282      -0.000000040      -0.000019161  C
  1     6       0.000000260      -0.000000038       0.000472861  C
  1     6      -0.000000241      -0.000000190      -0.000495098  C
  1     6      -0.000000243      -0.000000198      -0.000491851  C
  1     6      -0.000000232      -0.000000207      -0.000491812  C
  1     6      -0.000000233      -0.000000193      -0.000492298  C
  1     6      -0.000000337      -0.000000168      -0.001115027  C
  1     6      -0.000000074      -0.000000115      -0.000016888  C
  1     6      -0.000000090      -0.000000127      -0.000019712  C
  1     6      -0.000000094      -0.000000138      -0.000019700  C
  1     6      -0.000000099      -0.000000125      -0.000019143  C
  1     6       0.000000073      -0.000000103       0.000808822  C
  1     6      -0.000000344       0.000000025      -0.000494396  C
  1     6      -0.000000334       0.000000030      -0.000491878  C
  1     6      -0.000000350       0.000000029      -0.000491885  C
  1     6      -0.000000388       0.000000013      -0.000492501  C
  1     6      -0.000000043       0.000000026      -0.001586218  C
  1     6       0.000000108      -0.000000079      -0.000017551  C
  1     6       0.000000068      -0.000000082      -0.000019714  C
  1     6       0.000000079      -0.000000077      -0.000019681  C
  1     6       0.000000079      -0.000000084      -0.000019059  C
  1     6      -0.000000388       0.000000012       0.001533394  C
  1     6      -0.000000202       0.000000077      -0.000493988  C
  1     6      -0.000000207       0.000000088      -0.000492028  C
  1     6      -0.000000227       0.000000085      -0.000492000  C
  1     6      -0.000000219       0.000000095      -0.000492764  C
  1     6       0.000001144       0.000000089      -0.002733147  C
  1     6       0.000000274      -0.000000059      -0.000017941  C
  1     6       0.000000265      -0.000000062      -0.000019595  C
  1     6       0.000000285      -0.000000053      -0.000019584  C
  1     6       0.000000272      -0.000000057      -0.000018749  C
  1     6       0.000006238      -0.000000029       0.003616024  C
  1     6      -0.000000267      -0.000000192      -0.000493382  C
  1     6      -0.000000281      -0.000000165      -0.000491829  C
  1     6      -0.000000261      -0.000000186      -0.000491829  C
  1     6      -0.000000276      -0.000000192      -0.000492789  C
  1     6      -0.000007507      -0.000000124      -0.006854567  C
  1     6       0.000000163       0.000000244      -0.000018262  C
  1     6       0.000000164       0.000000227      -0.000019558  C
  1     6       0.000000160       0.000000224      -0.000019543  C
  1     6       0.000000172       0.000000224      -0.000018481  C
  1     6      -0.000082190       0.000000083      -0.019541867  C
