#NumField:1
#LabelX:omega[cm-1],LabelY:T[omega]
#Field1:q_transmission_0.000000_0.000000_0.400000.txt,NumPoint:449
  5.21470834      3.00000000
 10.42941667      3.00000000
 15.64412501      3.00000000
 20.85883335      3.00000000
 26.07354168      3.00000000
 31.28825002      3.00000000
 36.50295836      3.00000000
 41.71766669      3.00000003
 46.93237503      4.44508331
 52.14708337      1.00000133
 57.36179170      1.00001113
 62.57650004      4.99990741
 67.79120838      3.00000016
 73.00591671      3.00000001
 78.22062505      2.99999999
 83.43533339      2.99999999
 88.65004172      2.99999999
 93.86475006      2.99999999
 99.07945840      3.00000000
104.29416673      3.00000000
109.50887507      3.00000000
114.72358341      3.00000000
119.93829174      3.00000000
125.15300008      3.00000000
130.36770842      3.00000000
135.58241676      2.99999938
140.79712509      2.99999991
146.01183343      3.00000000
151.22654177      3.00000000
156.44125010      3.00000000
161.65595844      3.00000000
166.87066678      3.00000000
172.08537511      3.00000000
177.30008345      3.00000000
182.51479179      3.00000000
187.72950012      3.00000000
192.94420846      3.00000000
198.15891680      3.00000000
203.37362513      3.00000000
208.58833347      3.00000000
213.80304181      3.00000000
219.01775014      2.99999997
224.23245848      2.99998529
229.44716682      2.99999930
234.66187515      2.99999998
239.87658349      3.00000000
245.09129183      3.00000000
250.30600016      2.99994610
255.52070850      3.00000000
260.73541684      3.00000000
265.95012517      3.00000000
271.16483351      3.00000000
276.37954185      3.00000000
281.59425018      3.00000000
286.80895852      3.00000000
292.02366686      3.00000000
297.23837519      3.00000000
302.45308353      3.00000000
307.66779187      3.00000000
312.88250020      3.00000000
318.09720854      3.00000000
323.31191688      3.00000000
328.52662521      3.00000000
333.74133355      3.00000000
338.95604189      3.00000000
344.17075022      3.00000000
349.38545856      3.00000000
354.60016690      3.00000000
359.81487523      3.00000000
365.02958357      3.00000000
370.24429191      3.00000000
375.45900024      3.00000000
380.67370858      3.00000000
385.88841692      3.00000000
391.10312526      3.00000000
396.31783359      3.00000000
401.53254193      3.00000000
406.74725027      2.99999998
411.96195860      2.99999975
417.17666694      1.00005919
422.39137528      1.00000027
427.60608361      1.00000017
432.82079195      1.00000085
438.03550029      2.99999822
443.25020862      2.99999995
448.46491696      3.00000000
453.67962530      3.00000000
458.89433363      3.00000000
464.10904197      2.99999999
469.32375031      2.99999999
474.53845864      3.00000000
479.75316698      3.00000000
484.96787532      3.00000000
490.18258365      3.00000000
495.39729199      3.00000000
500.61200033      3.00000000
505.82670866      3.00000000
511.04141700      3.00000000
516.25612534      3.00000000
521.47083367      3.00000000
526.68554201      2.99999999
531.90025035      3.00000000
537.11495868      2.99999994
542.32966702      2.99999988
547.54437536      1.00000004
552.75908369      1.00000000
557.97379203      1.00000000
563.18850037      1.00000000
568.40320870      1.00000000
573.61791704      1.00000000
578.83262538      1.00000000
584.04733371      1.00000000
589.26204205      1.00000000
594.47675039      1.00000000
599.69145872      1.00000000
604.90616706      1.00000000
610.12087540      1.00000000
615.33558373      1.00000000
620.55029207      1.00000000
625.76500041      1.00000000
630.97970874      1.00000000
636.19441708      1.00000000
641.40912542      1.00000000
646.62383376      1.00000000
651.83854209      1.00000000
657.05325043      1.00000000
662.26795877      1.00000000
667.48266710      0.99999989
672.69737544      0.99999970
677.91208378      1.00000000
683.12679211      1.00000000
688.34150045      1.00000000
693.55620879      1.00000000
698.77091712      1.00000000
703.98562546      1.00000000
709.20033380      1.00000000
714.41504213      1.00000000
719.62975047      1.00000000
724.84445881      1.00000000
730.05916714      1.00000000
735.27387548      1.00000000
740.48858382      1.00000000
745.70329215      1.00000000
750.91800049      1.00000000
756.13270883      1.00000000
761.34741716      1.00000000
766.56212550      1.00000000
771.77683384      1.00000000
776.99154217      1.00000000
782.20625051      1.00000000
787.42095885      1.00000000
792.63566718      1.00000000
797.85037552      1.00000000
803.06508386      1.00000000
808.27979219      1.00000000
813.49450053      1.00000000
818.70920887      1.00000000
823.92391720      1.00000000
829.13862554      1.00000000
834.35333388      1.00000000
839.56804221      1.00000000
844.78275055      1.00000000
849.99745889      1.00000000
855.21216722      1.00000000
860.42687556      1.00000000
865.64158390      1.00000000
870.85629223      1.00000000
876.07100057      1.00000000
881.28570891      1.00000000
886.50041725      1.00000000
891.71512558      1.00000000
896.92983392      1.00000000
902.14454226      1.00000000
907.35925059      1.00000000
912.57395893      1.00000000
917.78866727      1.00000000
923.00337560      1.00000000
928.21808394      1.00000000
933.43279228      1.00000000
938.64750061      1.00000000
943.86220895      1.00000000
949.07691729      1.00000000
954.29162562      1.00000000
959.50633396      1.00000000
964.72104230      1.00000000
969.93575063      1.00000000
975.15045897      1.00000000
980.36516731      1.00000000
985.57987564      1.00000000
990.79458398      1.00000000
996.00929232      1.00000000
1001.22400065      1.00000000
1006.43870899      1.00000000
1011.65341733      1.00000000
1016.86812566      1.00000000
1022.08283400      1.00000000
1027.29754234      1.00000000
1032.51225067      1.00000000
1037.72695901      1.00000000
1042.94166735      1.00000000
1048.15637568      1.00000000
1053.37108402      1.00000000
1058.58579236      1.00000000
1063.80050069      1.00000000
1069.01520903      1.00000000
1074.22991737      0.99998986
1079.44462570      0.99999999
1084.65933404      1.00000000
1089.87404238      1.00000000
1095.08875071      1.00000000
1100.30345905      1.00000000
1105.51816739      1.00000000
1110.73287572      1.00000000
1115.94758406      1.00000000
1121.16229240      1.00000000
1126.37700073      1.00000000
1131.59170907      1.00000000
1136.80641741      1.00000000
1142.02112575      1.00000000
1147.23583408      1.00000000
1152.45054242      1.00000000
1157.66525076      1.00000000
1162.87995909      1.00000000
1168.09466743      1.00000000
1173.30937577      1.00000000
1178.52408410      1.00000000
1183.73879244      1.00000000
1188.95350078      1.00000000
1194.16820911      1.00000000
1199.38291745      1.00000000
1204.59762579      1.00000000
1209.81233412      1.00000000
1215.02704246      1.00000000
1220.24175080      1.00000000
1225.45645913      1.00000000
1230.67116747      1.00000000
1235.88587581      1.00000001
1241.10058414      1.00000002
1246.31529248      1.00000009
1251.53000082      1.00000423
1256.74470915      1.99999961
1261.95941749      1.99999993
1267.17412583      1.99999997
1272.38883416      1.99999999
1277.60354250      1.99999999
1282.81825084      1.99999999
1288.03295917      2.00000000
1293.24766751      2.00000000
1298.46237585      2.00000000
1303.67708418      2.00000000
1308.89179252      2.00000000
1314.10650086      2.00000000
1319.32120919      2.00000000
1324.53591753      2.00000000
1329.75062587      2.00000000
1334.96533420      2.00000000
1340.18004254      2.00000000
1345.39475088      2.00000000
1350.60945921      2.00000000
1355.82416755      2.00000000
1361.03887589      2.00000000
1366.25358422      2.00000000
1371.46829256      2.00000000
1376.68300090      2.00000000
1381.89770923      2.00000000
1387.11241757      2.00000000
1392.32712591      1.99999999
1397.54183425      1.99992670
1402.75654258      2.00000000
1407.97125092      2.00000000
1413.18595926      2.00000000
1418.40066759      2.00000000
1423.61537593      2.00000000
1428.83008427      1.99999999
1434.04479260      1.99999959
1439.25950094      1.99999981
1444.47420928      2.00000000
1449.68891761      2.00000000
1454.90362595      1.99999999
1460.11833429      1.99999982
1465.33304262      1.00000796
1470.54775096      1.00000004
1475.76245930      1.00000001
1480.97716763      1.00000000
1486.19187597      1.00000000
1491.40658431      1.00000000
1496.62129264      1.00000000
1501.83600098      1.00000000
1507.05070932      1.00000000
1512.26541765      1.00000000
1517.48012599      1.00000000
1522.69483433      1.00000000
1527.90954266      1.00000000
1533.12425100      1.00000000
1538.33895934      1.00000000
1543.55366767      1.00000000
1548.76837601      1.00000000
1553.98308435      1.00000000
1559.19779268      0.99999999
1564.41250102      0.99999991
1569.62720936      0.99999011
1574.84191769      0.00000058
1580.05662603      0.00000037
1585.27133437      0.00000244
1590.48604270      0.99999963
1595.70075104      0.99999997
1600.91545938      0.99999999
1606.13016771      1.00000000
1611.34487605      1.00000000
1616.55958439      1.00000000
1621.77429272      1.00000000
1626.98900106      1.00000000
1632.20370940      1.00000000
1637.41841773      1.00000000
1642.63312607      1.00000000
1647.84783441      1.00000000
1653.06254275      1.00000000
1658.27725108      1.00000000
1663.49195942      1.00000000
1668.70666776      1.00000000
1673.92137609      1.00000000
1679.13608443      1.00000000
1684.35079277      1.00000000
1689.56550110      1.00000000
1694.78020944      1.00000000
1699.99491778      1.00000000
1705.20962611      1.00000000
1710.42433445      1.00000000
1715.63904279      1.00000000
1720.85375112      1.00000000
1726.06845946      1.00000000
1731.28316780      1.00000000
1736.49787613      1.00000001
1741.71258447      1.00000021
1746.92729281      1.99999924
1752.14200114      1.99999998
1757.35670948      2.00000000
1762.57141782      2.00000000
1767.78612615      2.00000000
1773.00083449      2.00000000
1778.21554283      2.00000000
1783.43025116      2.00000000
1788.64495950      1.99999788
1793.85966784      2.00000000
1799.07437617      2.00000000
1804.28908451      2.00000000
1809.50379285      2.00000000
1814.71850118      2.00000000
1819.93320952      2.00000000
1825.14791786      2.00000000
1830.36262619      2.00000000
1835.57733453      1.99999998
1840.79204287      1.99985847
1846.00675120      1.99999996
1851.22145954      2.00000000
1856.43616788      2.00000000
1861.65087621      2.00000000
1866.86558455      2.00000000
1872.08029289      2.00000000
1877.29500122      2.00000000
1882.50970956      2.00000000
1887.72441790      2.00000000
1892.93912623      2.00000000
1898.15383457      2.00000000
1903.36854291      1.99999973
1908.58325125      1.99998965
1913.79795958      1.99981300
1919.01266792      1.99999458
1924.22737626      1.99999996
1929.44208459      2.00000000
1934.65679293      1.99999820
1939.87150127      0.00000012
1945.08620960      0.00000000
1950.30091794      0.00000000
1955.51562628      0.00000000
1960.73033461      0.00000000
1965.94504295      0.00000000
1971.15975129      0.00000000
1976.37445962      0.00000000
1981.58916796      0.00000000
1986.80387630      0.00000000
1992.01858463      0.00000000
1997.23329297      0.00000000
2002.44800131      0.00000000
2007.66270964      0.00000000
2012.87741798      0.00000000
2018.09212632      0.00000000
2023.30683465      0.00000000
2028.52154299      0.00000000
2033.73625133      0.00000000
2038.95095966      0.00000000
2044.16566800      0.00000000
2049.38037634      0.00000000
2054.59508467      0.00000000
2059.80979301      0.00000000
2065.02450135      0.00000000
2070.23920968      0.00000000
2075.45391802      0.00000000
2080.66862636      0.00000000
2085.88333469      0.00000000
2091.09804303      0.00000000
2096.31275137      0.00000000
2101.52745970      0.00000000
2106.74216804      0.00000000
2111.95687638      0.00000000
2117.17158471      0.00000000
2122.38629305      0.00000000
2127.60100139      0.00000000
2132.81570972      0.00000000
2138.03041806      0.00000000
2143.24512640      0.00000000
2148.45983474      0.00000000
2153.67454307      0.00000000
2158.88925141      0.00000000
2164.10395975      0.00000000
2169.31866808      0.00000000
2174.53337642      0.00000000
2179.74808476      0.00000000
2184.96279309      0.00000000
2190.17750143      0.00000000
2195.39220977      0.00000000
2200.60691810      0.00000000
2205.82162644      0.00000000
2211.03633478      0.00000000
2216.25104311      0.00000000
2221.46575145      0.00000000
2226.68045979      0.00000000
2231.89516812      0.00000000
2237.10987646      0.00000000
2242.32458480      0.00000000
2247.53929313      0.00000000
2252.75400147      0.00000000
2257.96870981      0.00000000
2263.18341814      0.00000000
2268.39812648      0.00000000
2273.61283482      0.00000000
2278.82754315      0.00000000
2284.04225149      0.00000000
2289.25695983      0.00000000
2294.47166816      0.00000000
2299.68637650      0.00000000
2304.90108484      0.00000000
2310.11579317      0.00000000
2315.33050151      0.00000000
2320.54520985      0.00000000
2325.75991818      0.00000000
2330.97462652      0.00000000
2336.18933486      0.00000000
2341.40404319      0.00000000
