#NumField:1
#LabelX:omega[cm-1],LabelY:T[omega]
#Field1:q_averaged_transmission.txt,NumPoint:400
  0.52147083      2.99999263
  5.73617917      2.99991919
 10.95088751      2.99984681
 16.16559584      2.99977530
 21.38030418      2.99970272
 26.59501252      2.99962456
 31.80972085      2.99953093
 37.02442919      2.99939397
 42.23913753      2.99907346
 47.45384586      0.99993122
 52.66855420      0.99987552
 57.88326254      0.99990315
 63.09797087      2.99864411
 68.31267921      2.99835162
 73.52738755      2.99843042
 78.74209588      2.99846013
 83.95680422      2.99847314
 89.17151256      2.99848293
 94.38622089      2.99849666
 99.60092923      2.99851791
104.81563757      2.99854666
110.03034591      2.99857844
115.24505424      2.99860501
120.45976258      2.99861744
125.67447092      2.99861041
130.88917925      2.99858484
136.10388759      2.99849023
141.31859593      2.99852820
146.53330426      2.99853874
151.74801260      2.99855992
156.96272094      2.99859014
162.17742927      2.99862138
167.39213761      2.99864893
172.60684595      2.99867132
177.82155428      2.99868888
183.03626262      2.99870274
188.25097096      2.99871422
193.46567929      2.99872447
198.68038763      2.99873430
203.89509597      2.99874407
209.10980430      2.99875367
214.32451264      2.99876246
219.53922098      2.99876840
224.75392931      2.99516874
229.96863765      2.99877145
235.18334599      2.99878270
240.39805432      2.99878408
245.61276266      2.99878369
250.82747100      2.99501743
256.04217933      2.99878424
261.25688767      2.99878671
266.47159601      2.99879060
271.68630434      2.99879553
276.90101268      2.99880073
282.11572102      2.99880534
287.33042935      2.99880863
292.54513769      2.99881008
297.75984603      2.99880947
302.97455436      2.99880684
308.18926270      2.99880247
313.40397104      2.99879679
318.61867937      2.99879034
323.83338771      2.99878360
329.04809605      2.99877695
334.26280438      2.99877052
339.47751272      2.99876415
344.69222106      2.99875743
349.90692939      2.99874975
355.12163773      2.99874043
360.33634607      2.99872886
365.55105441      2.99871459
370.76576274      2.99869734
375.98047108      2.99867720
381.19517942      2.99865393
386.40988775      2.99862711
391.62459609      2.99859531
396.83930443      2.99855471
402.05401276      2.99849532
407.26872110      2.99838587
412.48342944      2.99806423
417.69813777      0.99986475
422.91284611      0.99985460
428.12755445      0.99985430
433.34226278      0.99985513
438.55697112      2.99764618
443.77167946      2.99813950
448.98638779      2.99822384
454.20109613      2.99823385
459.41580447      2.99821447
464.63051280      2.99817615
469.84522114      2.99812033
475.05992948      2.99804586
480.27463781      2.99795143
485.48934615      2.99783792
490.70405449      2.99770973
495.91876282      2.99757335
501.13347116      2.99742906
506.34817950      2.99725726
511.56288783      2.99700616
516.77759617      2.99658132
521.99230451      2.99586322
527.20701284      2.99494287
532.42172118      2.99389007
537.63642952      2.99059514
542.85113785      2.98196463
548.06584619      0.99985134
553.28055453      0.99985139
558.49526286      0.99985144
563.70997120      0.99985148
568.92467954      0.99985151
574.13938787      0.99985152
579.35409621      0.99985151
584.56880455      0.99985147
589.78351288      0.99985141
594.99822122      0.99985133
600.21292956      0.99985121
605.42763789      0.99985106
610.64234623      0.99985089
615.85705457      0.99985069
621.07176291      0.99985045
626.28647124      0.99985019
631.50117958      0.99984990
636.71588792      0.99984959
641.93059625      0.99984926
647.14530459      0.99984889
652.36001293      0.99984851
657.57472126      0.99984807
662.78942960      0.99984745
668.00413794      0.99984342
673.21884627      0.99984425
678.43355461      0.99984633
683.64826295      0.99984615
688.86297128      0.99984584
694.07767962      0.99984552
699.29238796      0.99984519
704.50709629      0.99984489
709.72180463      0.99984460
714.93651297      0.99984434
720.15122130      0.99984410
725.36592964      0.99984389
730.58063798      0.99984370
735.79534631      0.99984354
741.01005465      0.99984340
746.22476299      0.99984329
751.43947132      0.99984319
756.65417966      0.99984312
761.86888800      0.99984305
767.08359633      0.99984300
772.29830467      0.99984296
777.51301301      0.99984292
782.72772134      0.99984288
787.94242968      0.99984284
793.15713802      0.99984278
798.37184635      0.99984272
803.58655469      0.99984265
808.80126303      0.99984255
814.01597136      0.99984244
819.23067970      0.99984230
824.44538804      0.99984213
829.66009637      0.99984194
834.87480471      0.99984171
840.08951305      0.99984146
845.30422138      0.99984117
850.51892972      0.99984086
855.73363806      0.99984051
860.94834640      0.99984014
866.16305473      0.99983975
871.37776307      0.99983934
876.59247141      0.99983892
881.80717974      0.99983849
887.02188808      0.99983806
892.23659642      0.99983763
897.45130475      0.99983721
902.66601309      0.99983681
907.88072143      0.99983643
913.09542976      0.99983608
918.31013810      0.99983575
923.52484644      0.99983545
928.73955477      0.99983517
933.95426311      0.99983492
939.16897145      0.99983470
944.38367978      0.99983450
949.59838812      0.99983431
954.81309646      0.99983414
960.02780479      0.99983398
965.24251313      0.99983382
970.45722147      0.99983366
975.67192980      0.99983349
980.88663814      0.99983331
986.10134648      0.99983313
991.31605481      0.99983292
996.53076315      0.99983269
1001.74547149      0.99983243
1006.96017982      0.99983214
1012.17488816      0.99983182
1017.38959650      0.99983146
1022.60430483      0.99983107
1027.81901317      0.99983064
1033.03372151      0.99983017
1038.24842984      0.99982965
1043.46313818      0.99982910
1048.67784652      0.99982851
1053.89255485      0.99982788
1059.10726319      0.99982720
1064.32197153      0.99982645
1069.53667986      0.99982541
1074.75138820      0.01979253
1079.96609654      0.99982379
1085.18080487      0.99982351
1090.39551321      0.99982284
1095.61022155      0.99982212
1100.82492988      0.99982140
1106.03963822      0.99982069
1111.25434656      0.99981999
1116.46905490      0.99981931
1121.68376323      0.99981866
1126.89847157      0.99981804
1132.11317991      0.99981744
1137.32788824      0.99981687
1142.54259658      0.99981632
1147.75730492      0.99981579
1152.97201325      0.99981528
1158.18672159      0.99981478
1163.40142993      0.99981429
1168.61613826      0.99981379
1173.83084660      0.99981329
1179.04555494      0.99981278
1184.26026327      0.99981224
1189.47497161      0.99981168
1194.68967995      0.99981108
1199.90438828      0.99981045
1205.11909662      0.99980978
1210.33380496      0.99980905
1215.54851329      0.99980829
1220.76322163      0.99980747
1225.97792997      0.99980660
1231.19263830      0.99980569
1236.40734664      0.99980474
1241.62205498      0.99980376
1246.83676331      0.99980280
1252.05147165      0.99981181
1257.26617999      1.99950359
1262.48088832      1.99959316
1267.69559666      1.99962912
1272.91030500      1.99964913
1278.12501333      1.99966190
1283.33972167      1.99967064
1288.55443001      1.99967688
1293.76913834      1.99968144
1298.98384668      1.99968479
1304.19855502      1.99968723
1309.41326335      1.99968897
1314.62797169      1.99969014
1319.84268003      1.99969083
1325.05738836      1.99969110
1330.27209670      1.99969099
1335.48680504      1.99969053
1340.70151337      1.99968970
1345.91622171      1.99968852
1351.13093005      1.99968695
1356.34563838      1.99968496
1361.56034672      1.99968251
1366.77505506      1.99967956
1371.98976340      1.99967603
1377.20447173      1.99967184
1382.41918007      1.99966689
1387.63388841      1.99966098
1392.84859674      1.99965277
1398.06330508      1.99962129
1403.27801342      1.99963742
1408.49272175      1.99962766
1413.70743009      1.99961589
1418.92213843      1.99960207
1424.13684676      1.99958572
1429.35155510      1.99956567
1434.56626344      1.99952672
1439.78097177      1.99950783
1444.99568011      1.99946970
1450.21038845      1.99940721
1455.42509678      1.99929541
1460.63980512      1.99900017
1465.85451346      0.99992119
1471.06922179      0.99991835
1476.28393013      0.99991756
1481.49863847      0.99991674
1486.71334680      0.99991586
1491.92805514      0.99991492
1497.14276348      0.99991391
1502.35747181      0.99991284
1507.57218015      0.99991170
1512.78688849      0.99991049
1518.00159682      0.99990920
1523.21630516      0.99990781
1528.43101350      0.99990631
1533.64572183      0.99990467
1538.86043017      0.99990282
1544.07513851      0.99990066
1549.28984684      0.99989797
1554.50455518      0.99989420
1559.71926352      0.99988775
1564.93397185      0.99987130
1570.14868019      0.99948154
1575.36338853      0.00000051
1580.57809686      0.00000039
1585.79280520      0.00000455
1591.00751354      0.99985197
1596.22222187      0.99987463
1601.43693021      0.99987980
1606.65163855      0.99988125
1611.86634688      0.99988136
1617.08105522      0.99988087
1622.29576356      0.99988007
1627.51047190      0.99987911
1632.72518023      0.99987805
1637.93988857      0.99987692
1643.15459691      0.99987574
1648.36930524      0.99987453
1653.58401358      0.99987328
1658.79872192      0.99987199
1664.01343025      0.99987066
1669.22813859      0.99986929
1674.44284693      0.99986785
1679.65755526      0.99986634
1684.87226360      0.99986475
1690.08697194      0.99986306
1695.30168027      0.99986126
1700.51638861      0.99985934
1705.73109695      0.99985728
1710.94580528      0.99985506
1716.16051362      0.99985267
1721.37522196      0.99985009
1726.58993029      0.99984730
1731.80463863      0.99984428
1737.01934697      0.99984102
1742.23405530      0.99983783
1747.44876364      1.99852068
1752.66347198      1.99901202
1757.87818031      1.99916204
1763.09288865      1.99923687
1768.30759699      1.99928065
1773.52230532      1.99930771
1778.73701366      1.99932429
1783.95172200      1.99933362
1789.16643033      1.96947373
1794.38113867      1.99933822
1799.59584701      1.99933590
1804.81055534      1.99933150
1810.02526368      1.99932570
1815.23997202      1.99931897
1820.45468035      1.99931162
1825.66938869      1.99930377
1830.88409703      1.99929522
1836.09880536      1.99928438
1841.31351370      0.00034824
1846.52822204      1.99926293
1851.74293037      1.99925209
1856.95763871      1.99923660
1862.17234705      1.99921756
1867.38705538      1.99919458
1872.60176372      1.99916714
1877.81647206      1.99913463
1883.03118040      1.99909623
1888.24588873      1.99905060
1893.46059707      1.99899532
1898.67530541      1.99892486
1903.89001374      1.99879743
1909.10472208      1.99863453
1914.31943042      1.99842185
1919.53413875      1.99828350
1924.74884709      1.99794900
1929.96355543      1.99727956
1935.17826376      1.99436458
1940.39297210      0.00000008
1945.60768044      0.00000000
1950.82238877      0.00000000
1956.03709711      0.00000000
1961.25180545      0.00000000
1966.46651378      0.00000000
1971.68122212      0.00000000
1976.89593046      0.00000000
1982.11063879      0.00000000
1987.32534713      0.00000000
1992.54005547      0.00000000
1997.75476380      0.00000000
2002.96947214      0.00000000
2008.18418048      0.00000000
2013.39888881      0.00000000
2018.61359715      0.00000000
2023.82830549      0.00000000
2029.04301382      0.00000000
2034.25772216      0.00000000
2039.47243050      0.00000000
2044.68713883      0.00000000
2049.90184717      0.00000000
2055.11655551      0.00000000
2060.33126384      0.00000000
2065.54597218      0.00000000
2070.76068052      0.00000000
2075.97538885      0.00000000
2081.19009719      0.00000000
