              -2715.2403731640
          0.000000016       0.000000000       0.000000000
          0.000000000       0.000000016       0.000000000
          0.000000000       0.000000000       0.000073982
         240
  1     6      -0.000188977       0.000000469      -0.037346215  C
  1     6      -0.000000046       0.000000172      -0.000489914  C
  1     6      -0.000000058       0.000000189      -0.000490976  C
  1     6      -0.000000056       0.000000170      -0.000490970  C
  1     6      -0.000000042       0.000000197      -0.000489895  C
  1     6       0.000089279      -0.000000046       0.010867490  C
  1     6       0.000000052      -0.000000096      -0.000021682  C
  1     6       0.000000061      -0.000000081      -0.000020723  C
  1     6       0.000000051      -0.000000084      -0.000020687  C
  1     6       0.000000063      -0.000000102      -0.000021989  C
  1     6       0.000008580       0.000000101       0.005958460  C
  1     6      -0.000000256       0.000000040      -0.000490273  C
  1     6      -0.000000254       0.000000048      -0.000491089  C
  1     6      -0.000000240       0.000000056      -0.000491093  C
  1     6      -0.000000260       0.000000058      -0.000489631  C
  1     6      -0.000010594      -0.000000101      -0.003526309  C
  1     6       0.000000239      -0.000000062      -0.000021237  C
  1     6       0.000000245      -0.000000046      -0.000020528  C
  1     6       0.000000255      -0.000000048      -0.000020503  C
  1     6       0.000000264      -0.000000076      -0.000022153  C
  1     6      -0.000000989      -0.000000192       0.001795638  C
  1     6      -0.000000290      -0.000000160      -0.000490351  C
  1     6      -0.000000305      -0.000000187      -0.000490996  C
  1     6      -0.000000298      -0.000000181      -0.000490980  C
  1     6      -0.000000296      -0.000000155      -0.000489081  C
  1     6       0.000000774      -0.000000069      -0.001547408  C
  1     6      -0.000000083      -0.000000075      -0.000021179  C
  1     6      -0.000000116      -0.000000084      -0.000020589  C
  1     6      -0.000000123      -0.000000089      -0.000020592  C
  1     6      -0.000000112      -0.000000085      -0.000022760  C
  1     6       0.000000147       0.000000032       0.000630959  C
  1     6      -0.000000417       0.000000036      -0.000490510  C
  1     6      -0.000000425       0.000000026      -0.000490973  C
  1     6      -0.000000416       0.000000029      -0.000490954  C
  1     6      -0.000000422       0.000000022      -0.000488490  C
  1     6       0.000000142      -0.000000023      -0.000844576  C
  1     6       0.000000076      -0.000000073      -0.000021019  C
  1     6       0.000000086      -0.000000050      -0.000020624  C
  1     6       0.000000091      -0.000000066      -0.000020600  C
  1     6       0.000000062      -0.000000066      -0.000023447  C
  1     6      -0.000000161       0.000000031       0.000149755  C
  1     6      -0.000000260       0.000000061      -0.000490742  C
  1     6      -0.000000232       0.000000049      -0.000491083  C
  1     6      -0.000000239       0.000000062      -0.000491077  C
  1     6      -0.000000262       0.000000085      -0.000487780  C
  1     6       0.000000266      -0.000000093      -0.000513733  C
  1     6       0.000000264      -0.000000051      -0.000020829  C
  1     6       0.000000263      -0.000000042      -0.000020527  C
  1     6       0.000000260      -0.000000051      -0.000020505  C
  1     6       0.000000268      -0.000000058      -0.000024249  C
  1     6      -0.000000271      -0.000000195      -0.000094718  C
  1     6      -0.000000307      -0.000000172      -0.000490704  C
  1     6      -0.000000307      -0.000000187      -0.000491004  C
  1     6      -0.000000300      -0.000000186      -0.000490985  C
  1     6      -0.000000319      -0.000000202      -0.000486680  C
  1     6      -0.000000115      -0.000000105      -0.000334587  C
  1     6      -0.000000090      -0.000000086      -0.000020881  C
  1     6      -0.000000116      -0.000000076      -0.000020595  C
  1     6      -0.000000114      -0.000000081      -0.000020590  C
  1     6      -0.000000090      -0.000000060      -0.000025522  C
  1     6      -0.000000334       0.000000042      -0.000233221  C
  1     6      -0.000000417       0.000000044      -0.000490785  C
  1     6      -0.000000417       0.000000041      -0.000490968  C
  1     6      -0.000000420       0.000000030      -0.000490941  C
  1     6      -0.000000424       0.000000026      -0.000485366  C
  1     6       0.000000091      -0.000000083      -0.000228778  C
  1     6       0.000000067      -0.000000057      -0.000020791  C
  1     6       0.000000081      -0.000000049      -0.000020619  C
  1     6       0.000000094      -0.000000059      -0.000020594  C
  1     6       0.000000114      -0.000000092      -0.000027136  C
  1     6      -0.000000227       0.000000075      -0.000317466  C
  1     6      -0.000000238       0.000000053      -0.000490965  C
  1     6      -0.000000212       0.000000047      -0.000491070  C
  1     6      -0.000000243       0.000000038      -0.000491076  C
  1     6      -0.000000261       0.000000077      -0.000483665  C
  1     6       0.000000273      -0.000000086      -0.000162841  C
  1     6       0.000000259      -0.000000041      -0.000020661  C
  1     6       0.000000260      -0.000000038      -0.000020519  C
  1     6       0.000000248      -0.000000052      -0.000020511  C
  1     6       0.000000306      -0.000000050      -0.000029087  C
  1     6      -0.000000250      -0.000000174      -0.000371096  C
  1     6      -0.000000313      -0.000000174      -0.000490873  C
  1     6      -0.000000297      -0.000000197      -0.000490987  C
  1     6      -0.000000297      -0.000000192      -0.000490976  C
  1     6      -0.000000281      -0.000000174      -0.000481130  C
  1     6      -0.000000076      -0.000000094      -0.000119854  C
  1     6      -0.000000097      -0.000000092      -0.000020723  C
  1     6      -0.000000114      -0.000000084      -0.000020607  C
  1     6      -0.000000111      -0.000000087      -0.000020590  C
  1     6      -0.000000036      -0.000000031      -0.000031998  C
  1     6      -0.000000349       0.000000072      -0.000406523  C
  1     6      -0.000000414       0.000000054      -0.000490893  C
  1     6      -0.000000417       0.000000040      -0.000490952  C
  1     6      -0.000000435       0.000000048      -0.000490932  C
  1     6      -0.000000401       0.000000050      -0.000477918  C
  1     6       0.000000082      -0.000000071      -0.000091143  C
  1     6       0.000000079      -0.000000062      -0.000020687  C
  1     6       0.000000076      -0.000000050      -0.000020599  C
  1     6       0.000000083      -0.000000068      -0.000020605  C
  1     6       0.000000084      -0.000000068      -0.000035820  C
  1     6      -0.000000205       0.000000110      -0.000430702  C
  1     6      -0.000000232       0.000000042      -0.000491070  C
  1     6      -0.000000215       0.000000050      -0.000491059  C
  1     6      -0.000000249       0.000000041      -0.000491046  C
  1     6      -0.000000219       0.000000050      -0.000473723  C
  1     6       0.000000268      -0.000000055      -0.000071194  C
  1     6       0.000000267      -0.000000049      -0.000020581  C
  1     6       0.000000261      -0.000000038      -0.000020531  C
  1     6       0.000000249      -0.000000062      -0.000020530  C
  1     6       0.000000283      -0.000000089      -0.000040905  C
  1     6      -0.000000307      -0.000000159      -0.000447288  C
  1     6      -0.000000290      -0.000000182      -0.000490944  C
  1     6      -0.000000307      -0.000000175      -0.000491001  C
  1     6      -0.000000305      -0.000000185      -0.000490957  C
  1     6      -0.000000245      -0.000000219      -0.000467504  C
  1     6      -0.000000013      -0.000000107      -0.000057524  C
  1     6      -0.000000095      -0.000000073      -0.000020666  C
  1     6      -0.000000114      -0.000000078      -0.000020593  C
  1     6      -0.000000100      -0.000000083      -0.000020593  C
  1     6      -0.000000049      -0.000000074      -0.000048125  C
  1     6      -0.000000364       0.000000012      -0.000459068  C
  1     6      -0.000000429       0.000000043      -0.000490928  C
  1     6      -0.000000421       0.000000034      -0.000490953  C
  1     6      -0.000000431       0.000000042      -0.000490901  C
  1     6      -0.000000403       0.000000049      -0.000459104  C
  1     6       0.000000126      -0.000000107      -0.000047687  C
  1     6       0.000000075      -0.000000045      -0.000020652  C
  1     6       0.000000085      -0.000000058      -0.000020604  C
  1     6       0.000000071      -0.000000054      -0.000020631  C
  1     6       0.000000102      -0.000000064      -0.000058060  C
  1     6      -0.000000225       0.000000081      -0.000467560  C
  1     6      -0.000000238       0.000000046      -0.000491106  C
  1     6      -0.000000225       0.000000054      -0.000491081  C
  1     6      -0.000000214       0.000000043      -0.000491026  C
  1     6      -0.000000199       0.000000094      -0.000447498  C
  1     6       0.000000307      -0.000000111      -0.000040590  C
  1     6       0.000000252      -0.000000051      -0.000020556  C
  1     6       0.000000262      -0.000000044      -0.000020519  C
  1     6       0.000000250      -0.000000059      -0.000020582  C
  1     6       0.000000209      -0.000000087      -0.000072044  C
  1     6      -0.000000220      -0.000000143      -0.000473423  C
  1     6      -0.000000302      -0.000000184      -0.000490982  C
  1     6      -0.000000302      -0.000000189      -0.000491002  C
  1     6      -0.000000313      -0.000000193      -0.000490891  C
  1     6      -0.000000207      -0.000000082      -0.000430716  C
  1     6      -0.000000093      -0.000000082      -0.000035628  C
  1     6      -0.000000104      -0.000000069      -0.000020633  C
  1     6      -0.000000113      -0.000000085      -0.000020587  C
  1     6      -0.000000099      -0.000000066      -0.000020652  C
  1     6      -0.000000135      -0.000000141      -0.000092171  C
  1     6      -0.000000378      -0.000000025      -0.000477968  C
  1     6      -0.000000419       0.000000042      -0.000490961  C
  1     6      -0.000000423       0.000000046      -0.000490950  C
  1     6      -0.000000429       0.000000062      -0.000490847  C
  1     6      -0.000000325       0.000000057      -0.000406804  C
  1     6       0.000000112      -0.000000019      -0.000031847  C
  1     6       0.000000075      -0.000000043      -0.000020621  C
  1     6       0.000000081      -0.000000049      -0.000020600  C
  1     6       0.000000071      -0.000000059      -0.000020675  C
  1     6       0.000000128      -0.000000044      -0.000121462  C
  1     6      -0.000000217       0.000000083      -0.000481290  C
  1     6      -0.000000244       0.000000052      -0.000491113  C
  1     6      -0.000000228       0.000000045      -0.000491075  C
  1     6      -0.000000225       0.000000058      -0.000490934  C
  1     6      -0.000000201       0.000000064      -0.000371576  C
  1     6       0.000000306      -0.000000010      -0.000028978  C
  1     6       0.000000264      -0.000000053      -0.000020543  C
  1     6       0.000000250      -0.000000041      -0.000020511  C
  1     6       0.000000249      -0.000000049      -0.000020640  C
  1     6       0.000000256      -0.000000065      -0.000165092  C
  1     6      -0.000000296      -0.000000219      -0.000483579  C
  1     6      -0.000000294      -0.000000179      -0.000490999  C
  1     6      -0.000000294      -0.000000193      -0.000490995  C
  1     6      -0.000000309      -0.000000193      -0.000490773  C
  1     6      -0.000000283      -0.000000172      -0.000318078  C
  1     6      -0.000000107      -0.000000066      -0.000027000  C
  1     6      -0.000000106      -0.000000079      -0.000020633  C
  1     6      -0.000000112      -0.000000080      -0.000020589  C
  1     6      -0.000000108      -0.000000070      -0.000020772  C
  1     6      -0.000000096      -0.000000083      -0.000232805  C
  1     6      -0.000000404       0.000000031      -0.000485396  C
  1     6      -0.000000432       0.000000037      -0.000490965  C
  1     6      -0.000000422       0.000000037      -0.000490951  C
  1     6      -0.000000435       0.000000057      -0.000490717  C
  1     6      -0.000000376       0.000000093      -0.000234260  C
  1     6       0.000000071      -0.000000050      -0.000025492  C
  1     6       0.000000094      -0.000000047      -0.000020597  C
  1     6       0.000000081      -0.000000048      -0.000020588  C
  1     6       0.000000057      -0.000000083      -0.000020806  C
  1     6       0.000000009      -0.000000108      -0.000341311  C
  1     6      -0.000000264       0.000000059      -0.000486831  C
  1     6      -0.000000243       0.000000048      -0.000491105  C
  1     6      -0.000000221       0.000000048      -0.000491071  C
  1     6      -0.000000235       0.000000049      -0.000490765  C
  1     6      -0.000000189       0.000000070      -0.000096439  C
  1     6       0.000000228      -0.000000046      -0.000024208  C
  1     6       0.000000259      -0.000000050      -0.000020535  C
  1     6       0.000000255      -0.000000038      -0.000020509  C
  1     6       0.000000262      -0.000000052      -0.000020814  C
  1     6       0.000000186      -0.000000090      -0.000525320  C
  1     6      -0.000000308      -0.000000167      -0.000487755  C
  1     6      -0.000000297      -0.000000187      -0.000491010  C
  1     6      -0.000000281      -0.000000201      -0.000490995  C
  1     6      -0.000000318      -0.000000180      -0.000490568  C
  1     6      -0.000000263      -0.000000167       0.000147004  C
  1     6      -0.000000096      -0.000000084      -0.000023430  C
  1     6      -0.000000112      -0.000000080      -0.000020607  C
  1     6      -0.000000117      -0.000000079      -0.000020591  C
  1     6      -0.000000097      -0.000000091      -0.000021003  C
  1     6      -0.000000108      -0.000000157      -0.000867017  C
  1     6      -0.000000418       0.000000015      -0.000488551  C
  1     6      -0.000000425       0.000000038      -0.000490966  C
  1     6      -0.000000411       0.000000038      -0.000490955  C
  1     6      -0.000000422       0.000000052      -0.000490469  C
  1     6       0.000000013      -0.000000006       0.000624566  C
  1     6       0.000000069      -0.000000095      -0.000022773  C
  1     6       0.000000085      -0.000000045      -0.000020601  C
  1     6       0.000000077      -0.000000049      -0.000020584  C
  1     6       0.000000071      -0.000000075      -0.000021121  C
  1     6       0.000000301      -0.000000019      -0.001598773  C
  1     6      -0.000000266       0.000000049      -0.000489223  C
  1     6      -0.000000240       0.000000039      -0.000491076  C
  1     6      -0.000000237       0.000000046      -0.000491071  C
  1     6      -0.000000246       0.000000057      -0.000490409  C
  1     6      -0.000000879       0.000000044       0.001779709  C
  1     6       0.000000241      -0.000000073      -0.000022193  C
  1     6       0.000000245      -0.000000059      -0.000020512  C
  1     6       0.000000263      -0.000000048      -0.000020510  C
  1     6       0.000000246      -0.000000065      -0.000021216  C
  1     6      -0.000006934      -0.000000122      -0.003681357  C
  1     6      -0.000000317      -0.000000156      -0.000489573  C
  1     6      -0.000000325      -0.000000184      -0.000490970  C
  1     6      -0.000000317      -0.000000166      -0.000490981  C
  1     6      -0.000000326      -0.000000166      -0.000490107  C
  1     6       0.000011134      -0.000000154       0.005874286  C
  1     6       0.000000209       0.000000239      -0.000021714  C
  1     6       0.000000187       0.000000271      -0.000020426  C
  1     6       0.000000190       0.000000243      -0.000020426  C
  1     6       0.000000178       0.000000240      -0.000021377  C
  1     6       0.000097602       0.000000259       0.017577858  C
