              -2715.2403805319
          0.000000016       0.000000000       0.000000000
          0.000000000       0.000000016       0.000000000
          0.000000000       0.000000000       0.000073950
         240
  1     6       0.000173048       0.000000095       0.035396670  C
  1     6      -0.000000112       0.000000068      -0.000492853  C
  1     6      -0.000000089       0.000000050      -0.000491692  C
  1     6      -0.000000089       0.000000062      -0.000491708  C
  1     6      -0.000000082       0.000000067      -0.000492878  C
  1     6      -0.000094644      -0.000000065      -0.009697317  C
  1     6      -0.000000144      -0.000000066      -0.000019038  C
  1     6      -0.000000175      -0.000000074      -0.000020052  C
  1     6      -0.000000179      -0.000000068      -0.000020016  C
  1     6      -0.000000171      -0.000000065      -0.000018697  C
  1     6      -0.000009301      -0.000000071      -0.006431035  C
  1     6      -0.000000418      -0.000000096      -0.000492658  C
  1     6      -0.000000425      -0.000000088      -0.000491729  C
  1     6      -0.000000421      -0.000000112      -0.000491734  C
  1     6      -0.000000405      -0.000000093      -0.000493222  C
  1     6       0.000009721       0.000000004       0.003205150  C
  1     6      -0.000000138      -0.000000048      -0.000019140  C
  1     6      -0.000000139      -0.000000045      -0.000019920  C
  1     6      -0.000000130      -0.000000046      -0.000019866  C
  1     6      -0.000000128      -0.000000060      -0.000018229  C
  1     6       0.000001366      -0.000000011      -0.002595947  C
  1     6      -0.000000410      -0.000000093      -0.000492470  C
  1     6      -0.000000417      -0.000000098      -0.000491741  C
  1     6      -0.000000423      -0.000000105      -0.000491749  C
  1     6      -0.000000406      -0.000000102      -0.000493595  C
  1     6      -0.000000832      -0.000000040       0.001382957  C
  1     6      -0.000000144      -0.000000055      -0.000019295  C
  1     6      -0.000000155      -0.000000043      -0.000019915  C
  1     6      -0.000000137      -0.000000045      -0.000019863  C
  1     6      -0.000000131      -0.000000055      -0.000017724  C
  1     6      -0.000000310      -0.000000039      -0.001521063  C
  1     6      -0.000000411      -0.000000095      -0.000492313  C
  1     6      -0.000000423      -0.000000092      -0.000491734  C
  1     6      -0.000000422      -0.000000100      -0.000491740  C
  1     6      -0.000000394      -0.000000104      -0.000494130  C
  1     6      -0.000000222      -0.000000086       0.000735071  C
  1     6      -0.000000140      -0.000000050      -0.000019444  C
  1     6      -0.000000152      -0.000000039      -0.000019914  C
  1     6      -0.000000135      -0.000000043      -0.000019864  C
  1     6      -0.000000127      -0.000000053      -0.000017128  C
  1     6      -0.000000306       0.000000011      -0.001078383  C
  1     6      -0.000000410      -0.000000098      -0.000492194  C
  1     6      -0.000000417      -0.000000096      -0.000491722  C
  1     6      -0.000000424      -0.000000097      -0.000491743  C
  1     6      -0.000000384      -0.000000111      -0.000494839  C
  1     6      -0.000000067      -0.000000020       0.000431226  C
  1     6      -0.000000139      -0.000000054      -0.000019531  C
  1     6      -0.000000150      -0.000000040      -0.000019921  C
  1     6      -0.000000141      -0.000000038      -0.000019849  C
  1     6      -0.000000113      -0.000000033      -0.000016305  C
  1     6      -0.000000424       0.000000047      -0.000853728  C
  1     6      -0.000000399      -0.000000082      -0.000492112  C
  1     6      -0.000000416      -0.000000101      -0.000491719  C
  1     6      -0.000000425      -0.000000097      -0.000491753  C
  1     6      -0.000000404      -0.000000105      -0.000495752  C
  1     6      -0.000000123      -0.000000065       0.000266938  C
  1     6      -0.000000136      -0.000000056      -0.000019599  C
  1     6      -0.000000146      -0.000000042      -0.000019919  C
  1     6      -0.000000154      -0.000000032      -0.000019841  C
  1     6      -0.000000115      -0.000000039      -0.000015284  C
  1     6      -0.000000327      -0.000000018      -0.000726827  C
  1     6      -0.000000394      -0.000000087      -0.000492036  C
  1     6      -0.000000425      -0.000000092      -0.000491732  C
  1     6      -0.000000410      -0.000000091      -0.000491753  C
  1     6      -0.000000397      -0.000000107      -0.000496928  C
  1     6      -0.000000195      -0.000000086       0.000170119  C
  1     6      -0.000000136      -0.000000063      -0.000019657  C
  1     6      -0.000000149      -0.000000054      -0.000019924  C
  1     6      -0.000000141      -0.000000042      -0.000019841  C
  1     6      -0.000000122      -0.000000051      -0.000013849  C
  1     6      -0.000000366       0.000000005      -0.000649760  C
  1     6      -0.000000422      -0.000000089      -0.000491981  C
  1     6      -0.000000421      -0.000000095      -0.000491724  C
  1     6      -0.000000419      -0.000000096      -0.000491758  C
  1     6      -0.000000416      -0.000000045      -0.000498609  C
  1     6      -0.000000194      -0.000000023       0.000109704  C
  1     6      -0.000000136      -0.000000044      -0.000019713  C
  1     6      -0.000000151      -0.000000045      -0.000019914  C
  1     6      -0.000000146      -0.000000037      -0.000019812  C
  1     6      -0.000000101      -0.000000056      -0.000011889  C
  1     6      -0.000000443      -0.000000034      -0.000600912  C
  1     6      -0.000000418      -0.000000085      -0.000491944  C
  1     6      -0.000000417      -0.000000097      -0.000491724  C
  1     6      -0.000000420      -0.000000099      -0.000491784  C
  1     6      -0.000000401      -0.000000035      -0.000500831  C
  1     6      -0.000000160      -0.000000063       0.000070467  C
  1     6      -0.000000132      -0.000000047      -0.000019757  C
  1     6      -0.000000150      -0.000000048      -0.000019921  C
  1     6      -0.000000147      -0.000000034      -0.000019814  C
  1     6      -0.000000146      -0.000000050      -0.000009341  C
  1     6      -0.000000351      -0.000000009      -0.000568495  C
  1     6      -0.000000408      -0.000000077      -0.000491902  C
  1     6      -0.000000416      -0.000000098      -0.000491720  C
  1     6      -0.000000418      -0.000000093      -0.000491787  C
  1     6      -0.000000360       0.000000000      -0.000503783  C
  1     6      -0.000000187      -0.000000078       0.000044294  C
  1     6      -0.000000144      -0.000000044      -0.000019789  C
  1     6      -0.000000147      -0.000000049      -0.000019907  C
  1     6      -0.000000138      -0.000000032      -0.000019810  C
  1     6      -0.000000134      -0.000000066      -0.000005873  C
  1     6      -0.000000401      -0.000000046      -0.000546665  C
  1     6      -0.000000412      -0.000000088      -0.000491865  C
  1     6      -0.000000421      -0.000000097      -0.000491711  C
  1     6      -0.000000416      -0.000000082      -0.000491790  C
  1     6      -0.000000405      -0.000000039      -0.000507800  C
  1     6      -0.000000114      -0.000000077       0.000026337  C
  1     6      -0.000000138      -0.000000038      -0.000019811  C
  1     6      -0.000000148      -0.000000047      -0.000019902  C
  1     6      -0.000000144      -0.000000037      -0.000019797  C
  1     6      -0.000000126      -0.000000082      -0.000001077  C
  1     6      -0.000000381      -0.000000036      -0.000531531  C
  1     6      -0.000000423      -0.000000082      -0.000491847  C
  1     6      -0.000000429      -0.000000092      -0.000491723  C
  1     6      -0.000000420      -0.000000080      -0.000491794  C
  1     6      -0.000000410      -0.000000032      -0.000513294  C
  1     6      -0.000000156      -0.000000128       0.000013798  C
  1     6      -0.000000144      -0.000000041      -0.000019846  C
  1     6      -0.000000157      -0.000000047      -0.000019902  C
  1     6      -0.000000140      -0.000000043      -0.000019780  C
  1     6      -0.000000156      -0.000000128       0.000005521  C
  1     6      -0.000000402      -0.000000027      -0.000520872  C
  1     6      -0.000000417      -0.000000085      -0.000491821  C
  1     6      -0.000000418      -0.000000099      -0.000491709  C
  1     6      -0.000000409      -0.000000079      -0.000491808  C
  1     6      -0.000000414      -0.000000066      -0.000521014  C
  1     6      -0.000000140      -0.000000095       0.000004906  C
  1     6      -0.000000136      -0.000000051      -0.000019862  C
  1     6      -0.000000160      -0.000000052      -0.000019905  C
  1     6      -0.000000146      -0.000000052      -0.000019771  C
  1     6      -0.000000099      -0.000000079       0.000014495  C
  1     6      -0.000000411      -0.000000030      -0.000513243  C
  1     6      -0.000000419      -0.000000094      -0.000491802  C
  1     6      -0.000000421      -0.000000093      -0.000491715  C
  1     6      -0.000000410      -0.000000078      -0.000491836  C
  1     6      -0.000000451      -0.000000121      -0.000531578  C
  1     6      -0.000000111      -0.000000062      -0.000001460  C
  1     6      -0.000000143      -0.000000046      -0.000019869  C
  1     6      -0.000000145      -0.000000056      -0.000019904  C
  1     6      -0.000000132      -0.000000051      -0.000019750  C
  1     6      -0.000000088      -0.000000069       0.000027348  C
  1     6      -0.000000397      -0.000000011      -0.000507794  C
  1     6      -0.000000424      -0.000000096      -0.000491788  C
  1     6      -0.000000422      -0.000000089      -0.000491707  C
  1     6      -0.000000419      -0.000000092      -0.000491853  C
  1     6      -0.000000416      -0.000000054      -0.000546805  C
  1     6      -0.000000129      -0.000000056      -0.000006156  C
  1     6      -0.000000151      -0.000000044      -0.000019885  C
  1     6      -0.000000137      -0.000000053      -0.000019896  C
  1     6      -0.000000140      -0.000000047      -0.000019727  C
  1     6      -0.000000125      -0.000000081       0.000045729  C
  1     6      -0.000000409      -0.000000032      -0.000503777  C
  1     6      -0.000000424      -0.000000102      -0.000491791  C
  1     6      -0.000000416      -0.000000098      -0.000491715  C
  1     6      -0.000000413      -0.000000087      -0.000491887  C
  1     6      -0.000000338       0.000000005      -0.000568753  C
  1     6      -0.000000113      -0.000000032      -0.000009601  C
  1     6      -0.000000145      -0.000000039      -0.000019902  C
  1     6      -0.000000135      -0.000000057      -0.000019901  C
  1     6      -0.000000142      -0.000000055      -0.000019696  C
  1     6      -0.000000192      -0.000000068       0.000072592  C
  1     6      -0.000000397      -0.000000068      -0.000500779  C
  1     6      -0.000000424      -0.000000093      -0.000491769  C
  1     6      -0.000000419      -0.000000090      -0.000491712  C
  1     6      -0.000000406      -0.000000092      -0.000491911  C
  1     6      -0.000000430      -0.000000010      -0.000601106  C
  1     6      -0.000000106      -0.000000076      -0.000012158  C
  1     6      -0.000000146      -0.000000042      -0.000019900  C
  1     6      -0.000000136      -0.000000047      -0.000019894  C
  1     6      -0.000000142      -0.000000044      -0.000019659  C
  1     6      -0.000000193      -0.000000036       0.000112844  C
  1     6      -0.000000375      -0.000000077      -0.000498621  C
  1     6      -0.000000423      -0.000000098      -0.000491777  C
  1     6      -0.000000422      -0.000000094      -0.000491708  C
  1     6      -0.000000408      -0.000000095      -0.000491958  C
  1     6      -0.000000373       0.000000005      -0.000650386  C
  1     6      -0.000000095      -0.000000070      -0.000014018  C
  1     6      -0.000000148      -0.000000042      -0.000019904  C
  1     6      -0.000000133      -0.000000053      -0.000019895  C
  1     6      -0.000000137      -0.000000047      -0.000019602  C
  1     6      -0.000000180      -0.000000088       0.000175099  C
  1     6      -0.000000366      -0.000000086      -0.000496956  C
  1     6      -0.000000416      -0.000000089      -0.000491757  C
  1     6      -0.000000427      -0.000000092      -0.000491716  C
  1     6      -0.000000409      -0.000000088      -0.000492029  C
  1     6      -0.000000384       0.000000010      -0.000727543  C
  1     6      -0.000000106      -0.000000023      -0.000015408  C
  1     6      -0.000000158      -0.000000053      -0.000019906  C
  1     6      -0.000000135      -0.000000057      -0.000019891  C
  1     6      -0.000000140      -0.000000039      -0.000019535  C
  1     6      -0.000000212      -0.000000021       0.000275147  C
  1     6      -0.000000374      -0.000000082      -0.000495753  C
  1     6      -0.000000424      -0.000000091      -0.000491760  C
  1     6      -0.000000426      -0.000000087      -0.000491710  C
  1     6      -0.000000384      -0.000000090      -0.000492116  C
  1     6      -0.000000385      -0.000000054      -0.000855340  C
  1     6      -0.000000109      -0.000000022      -0.000016410  C
  1     6      -0.000000151      -0.000000056      -0.000019900  C
  1     6      -0.000000139      -0.000000055      -0.000019882  C
  1     6      -0.000000159      -0.000000044      -0.000019460  C
  1     6      -0.000000070      -0.000000048       0.000445720  C
  1     6      -0.000000373      -0.000000085      -0.000494867  C
  1     6      -0.000000430      -0.000000088      -0.000491756  C
  1     6      -0.000000436      -0.000000099      -0.000491707  C
  1     6      -0.000000401      -0.000000089      -0.000492209  C
  1     6      -0.000000503      -0.000000007      -0.001080784  C
  1     6      -0.000000127      -0.000000041      -0.000017225  C
  1     6      -0.000000154      -0.000000049      -0.000019912  C
  1     6      -0.000000140      -0.000000049      -0.000019873  C
  1     6      -0.000000149      -0.000000053      -0.000019371  C
  1     6      -0.000000105      -0.000000031       0.000763592  C
  1     6      -0.000000399      -0.000000118      -0.000494121  C
  1     6      -0.000000429      -0.000000081      -0.000491746  C
  1     6      -0.000000433      -0.000000103      -0.000491722  C
  1     6      -0.000000409      -0.000000091      -0.000492325  C
  1     6      -0.000000015       0.000000010      -0.001526353  C
  1     6      -0.000000111      -0.000000063      -0.000017826  C
  1     6      -0.000000151      -0.000000053      -0.000019906  C
  1     6      -0.000000146      -0.000000049      -0.000019873  C
  1     6      -0.000000131      -0.000000055      -0.000019244  C
  1     6      -0.000000471      -0.000000124       0.001448306  C
  1     6      -0.000000397      -0.000000125      -0.000493554  C
  1     6      -0.000000417      -0.000000096      -0.000491734  C
  1     6      -0.000000423      -0.000000109      -0.000491725  C
  1     6      -0.000000425      -0.000000090      -0.000492473  C
  1     6       0.000001004       0.000000032      -0.002610126  C
  1     6      -0.000000125      -0.000000059      -0.000018285  C
  1     6      -0.000000156      -0.000000043      -0.000019894  C
  1     6      -0.000000155      -0.000000046      -0.000019867  C
  1     6      -0.000000156      -0.000000063      -0.000019045  C
  1     6       0.000005888      -0.000000145       0.003416240  C
  1     6      -0.000000418      -0.000000080      -0.000493115  C
  1     6      -0.000000433      -0.000000095      -0.000491696  C
  1     6      -0.000000427      -0.000000101      -0.000491680  C
  1     6      -0.000000419      -0.000000103      -0.000492602  C
  1     6      -0.000007160      -0.000000066      -0.006503605  C
  1     6       0.000000094       0.000000223      -0.000018498  C
  1     6       0.000000069       0.000000236      -0.000019753  C
  1     6       0.000000074       0.000000234      -0.000019711  C
  1     6       0.000000093       0.000000233      -0.000018683  C
  1     6      -0.000078123       0.000000217      -0.018415916  C
